customer_id,age_group,segment,region,risk_tier,since_year
CUST-00001,45-54,Corporate,Midlands,High,2006
CUST-00002,55-64,Private Banking,Wales,Low,2020
CUST-00003,45-54,Retail,South East,High,2015
CUST-00004,35-44,SME,Midlands,High,2021
CUST-00005,35-44,SME,South East,Low,2022
CUST-00006,18-24,SME,South East,High,2020
CUST-00007,18-24,Corporate,South West,Low,2018
CUST-00008,55-64,Retail,Midlands,Low,2005
CUST-00009,55-64,SME,Wales,Low,2012
CUST-00010,65+,Retail,London,Low,2014
CUST-00011,35-44,Retail,South East,Low,2011
CUST-00012,25-34,Retail,South East,Medium,2021
CUST-00013,18-24,Corporate,North West,Medium,2013
CUST-00014,55-64,Retail,South East,Low,2018
CUST-00015,55-64,Retail,South East,Low,2020
CUST-00016,55-64,SME,North West,Medium,2020
CUST-00017,45-54,Retail,Scotland,Medium,2009
CUST-00018,18-24,Retail,North East,Medium,2016
CUST-00019,45-54,SME,Wales,High,2006
CUST-00020,45-54,Retail,North West,Low,2013
CUST-00021,25-34,Corporate,Midlands,Low,2005
CUST-00022,25-34,Retail,South West,Low,2010
CUST-00023,18-24,SME,Scotland,Medium,2024
CUST-00024,45-54,Corporate,North West,Low,2008
CUST-00025,18-24,SME,London,Low,2018
CUST-00026,35-44,Retail,South West,Low,2008
CUST-00027,35-44,Retail,Midlands,Medium,2009
CUST-00028,25-34,Retail,South West,Medium,2006
CUST-00029,35-44,Corporate,South West,Low,2014
CUST-00030,55-64,Private Banking,North West,Low,2020
CUST-00031,55-64,Retail,Midlands,Medium,2006
CUST-00032,18-24,Retail,Wales,High,2009
CUST-00033,55-64,Retail,Scotland,Low,2014
CUST-00034,65+,SME,Wales,High,2013
CUST-00035,18-24,SME,Scotland,Medium,2017
CUST-00036,18-24,Retail,South East,Low,2014
CUST-00037,45-54,Retail,South East,Low,2008
CUST-00038,45-54,Private Banking,South West,Low,2016
CUST-00039,45-54,Retail,Scotland,Low,2008
CUST-00040,65+,SME,London,Medium,2006
CUST-00041,55-64,Private Banking,Midlands,Medium,2008
CUST-00042,45-54,Retail,South West,Medium,2011
CUST-00043,65+,Retail,Midlands,Medium,2012
CUST-00044,55-64,Retail,North West,High,2016
CUST-00045,45-54,Retail,Wales,Low,2009
CUST-00046,45-54,SME,North West,Medium,2007
CUST-00047,65+,Retail,South East,High,2007
CUST-00048,45-54,Corporate,Midlands,Low,2021
CUST-00049,25-34,Retail,South West,Low,2017
CUST-00050,45-54,Private Banking,South East,Low,2008
CUST-00051,25-34,Private Banking,Midlands,Low,2008
CUST-00052,65+,Corporate,South East,Medium,2022
CUST-00053,35-44,SME,North West,Medium,2011
CUST-00054,45-54,Retail,Wales,Low,2019
CUST-00055,18-24,Retail,South West,Low,2005
CUST-00056,18-24,Retail,Wales,High,2008
CUST-00057,55-64,Retail,North East,Medium,2010
CUST-00058,25-34,Private Banking,Midlands,High,2015
CUST-00059,65+,Retail,London,Low,2010
CUST-00060,18-24,Retail,North West,Medium,2015
CUST-00061,55-64,Retail,Scotland,Medium,2022
CUST-00062,55-64,SME,North East,Medium,2007
CUST-00063,45-54,Retail,South West,Low,2024
CUST-00064,25-34,SME,North West,Medium,2024
CUST-00065,65+,Retail,South West,Low,2016
CUST-00066,45-54,Retail,Wales,Medium,2007
CUST-00067,18-24,SME,South West,Low,2008
CUST-00068,65+,Retail,Wales,High,2020
CUST-00069,45-54,Corporate,London,Low,2010
CUST-00070,55-64,Retail,North East,Low,2017
CUST-00071,55-64,Retail,Scotland,High,2007
CUST-00072,35-44,SME,South West,Low,2022
CUST-00073,45-54,Retail,South East,Medium,2024
CUST-00074,55-64,Retail,South West,High,2006
CUST-00075,35-44,Corporate,South East,Medium,2011
CUST-00076,25-34,Private Banking,Scotland,Low,2008
CUST-00077,45-54,Retail,South East,Low,2015
CUST-00078,18-24,Retail,North East,Low,2006
CUST-00079,45-54,Retail,Wales,Medium,2021
CUST-00080,25-34,Corporate,North East,Medium,2022
CUST-00081,35-44,Retail,South East,Low,2009
CUST-00082,25-34,Retail,North West,Medium,2005
CUST-00083,65+,Retail,Scotland,Low,2006
CUST-00084,65+,Private Banking,Wales,Low,2006
CUST-00085,55-64,Private Banking,South West,High,2011
CUST-00086,55-64,SME,Scotland,High,2020
CUST-00087,55-64,Retail,Scotland,Low,2024
CUST-00088,65+,Retail,Wales,Medium,2017
CUST-00089,18-24,Retail,South East,Low,2008
CUST-00090,35-44,Retail,Scotland,Low,2012
CUST-00091,35-44,SME,Midlands,Low,2009
CUST-00092,25-34,Corporate,North East,Very High,2014
CUST-00093,35-44,Corporate,Scotland,Low,2014
CUST-00094,45-54,Retail,North East,High,2017
CUST-00095,25-34,Retail,Wales,Low,2016
CUST-00096,55-64,Retail,South West,High,2017
CUST-00097,45-54,Retail,Wales,Low,2015
CUST-00098,65+,Private Banking,South East,Low,2021
CUST-00099,35-44,SME,North East,Medium,2023
CUST-00100,65+,SME,London,Low,2006
CUST-00101,25-34,SME,South East,Medium,2005
CUST-00102,45-54,Retail,Wales,Medium,2020
CUST-00103,45-54,SME,Midlands,High,2007
CUST-00104,65+,Retail,Wales,Low,2006
CUST-00105,55-64,SME,Midlands,Medium,2009
CUST-00106,55-64,Corporate,North East,Low,2020
CUST-00107,55-64,Retail,North West,Low,2011
CUST-00108,18-24,Private Banking,Scotland,Low,2013
CUST-00109,18-24,SME,Wales,Low,2023
CUST-00110,65+,Retail,South East,High,2012
CUST-00111,18-24,Private Banking,Wales,Very High,2013
CUST-00112,18-24,SME,London,High,2007
CUST-00113,18-24,Retail,Wales,Medium,2006
CUST-00114,35-44,Retail,South West,High,2014
CUST-00115,18-24,Corporate,North West,Low,2019
CUST-00116,55-64,Private Banking,London,Low,2022
CUST-00117,55-64,Retail,North East,Low,2018
CUST-00118,65+,SME,Scotland,Medium,2006
CUST-00119,65+,Retail,London,High,2014
CUST-00120,18-24,Retail,London,High,2023
CUST-00121,65+,Retail,London,Medium,2008
CUST-00122,18-24,Corporate,South West,Medium,2009
CUST-00123,25-34,Corporate,London,High,2024
CUST-00124,65+,SME,North East,High,2021
CUST-00125,35-44,Retail,South East,Low,2018
CUST-00126,45-54,SME,London,Medium,2022
CUST-00127,55-64,Retail,Wales,Low,2005
CUST-00128,25-34,Private Banking,Wales,Medium,2017
CUST-00129,18-24,Retail,Scotland,Low,2009
CUST-00130,65+,Retail,North West,Medium,2006
CUST-00131,35-44,Retail,South West,Low,2015
CUST-00132,55-64,SME,Midlands,Medium,2007
CUST-00133,45-54,SME,North West,Very High,2015
CUST-00134,55-64,Private Banking,South East,Medium,2007
CUST-00135,55-64,Retail,Midlands,Medium,2007
CUST-00136,18-24,Retail,London,Low,2011
CUST-00137,55-64,SME,Scotland,Low,2024
CUST-00138,35-44,Retail,South West,Low,2016
CUST-00139,65+,Retail,London,Low,2014
CUST-00140,35-44,SME,North West,Low,2016
CUST-00141,45-54,SME,Wales,Medium,2017
CUST-00142,25-34,Retail,South East,High,2013
CUST-00143,45-54,Retail,North West,Medium,2021
CUST-00144,55-64,Private Banking,North East,High,2015
CUST-00145,25-34,Retail,North East,Medium,2015
CUST-00146,65+,Retail,London,Medium,2006
CUST-00147,55-64,Retail,London,High,2016
CUST-00148,35-44,Retail,London,Low,2019
CUST-00149,35-44,Corporate,North East,Low,2013
CUST-00150,35-44,SME,Wales,Low,2007
CUST-00151,45-54,Private Banking,South West,Low,2013
CUST-00152,55-64,SME,South East,Low,2019
CUST-00153,65+,Retail,Wales,Low,2018
CUST-00154,25-34,Retail,Wales,Medium,2008
CUST-00155,65+,SME,South West,High,2009
CUST-00156,65+,Retail,Scotland,Very High,2013
CUST-00157,25-34,SME,London,Low,2005
CUST-00158,35-44,Retail,North West,Medium,2008
CUST-00159,65+,Retail,London,High,2008
CUST-00160,25-34,SME,Wales,Medium,2014
CUST-00161,25-34,Corporate,South East,Low,2022
CUST-00162,45-54,SME,North East,Medium,2020
CUST-00163,55-64,Retail,North West,Low,2022
CUST-00164,35-44,Retail,Scotland,High,2020
CUST-00165,35-44,Corporate,Scotland,High,2011
CUST-00166,45-54,Retail,Scotland,High,2014
CUST-00167,45-54,Retail,London,Medium,2024
CUST-00168,65+,Retail,London,Medium,2011
CUST-00169,25-34,Private Banking,London,Low,2018
CUST-00170,35-44,SME,Scotland,Low,2005
CUST-00171,25-34,SME,Wales,Low,2019
CUST-00172,65+,Retail,South West,Medium,2020
CUST-00173,45-54,Private Banking,Wales,High,2017
CUST-00174,55-64,Retail,Scotland,High,2019
CUST-00175,45-54,SME,Scotland,Low,2013
CUST-00176,65+,Retail,North East,Very High,2019
CUST-00177,45-54,Retail,North West,Medium,2010
CUST-00178,18-24,Retail,South West,High,2024
CUST-00179,25-34,Retail,South West,Medium,2006
CUST-00180,55-64,SME,Scotland,Low,2021
CUST-00181,35-44,Retail,North East,High,2006
CUST-00182,35-44,Retail,South West,Low,2018
CUST-00183,45-54,Corporate,North East,Medium,2019
CUST-00184,55-64,Retail,South West,High,2009
CUST-00185,25-34,Retail,North East,Medium,2024
CUST-00186,45-54,Retail,North East,Medium,2013
CUST-00187,45-54,Retail,Wales,High,2013
CUST-00188,65+,Corporate,South West,Low,2010
CUST-00189,35-44,Retail,Midlands,Medium,2015
CUST-00190,65+,Retail,Wales,Low,2011
CUST-00191,35-44,Private Banking,North East,Medium,2017
CUST-00192,25-34,Retail,London,Low,2016
CUST-00193,65+,SME,Wales,Very High,2006
CUST-00194,35-44,Retail,North West,High,2007
CUST-00195,18-24,Retail,London,Low,2016
CUST-00196,18-24,SME,South West,Medium,2011
CUST-00197,65+,SME,South West,Low,2015
CUST-00198,45-54,Corporate,Midlands,Low,2009
CUST-00199,65+,Retail,South West,Low,2024
CUST-00200,55-64,SME,London,Medium,2010
CUST-00201,25-34,Retail,North West,Low,2011
CUST-00202,65+,SME,North West,Low,2020
CUST-00203,45-54,Retail,Midlands,High,2023
CUST-00204,65+,Corporate,Wales,Medium,2023
CUST-00205,35-44,SME,South East,High,2011
CUST-00206,18-24,Private Banking,North East,Medium,2015
CUST-00207,18-24,Private Banking,London,Low,2019
CUST-00208,18-24,Retail,Scotland,Low,2006
CUST-00209,25-34,Retail,Scotland,Medium,2005
CUST-00210,18-24,Retail,North East,Low,2006
CUST-00211,35-44,Retail,South East,Medium,2014
CUST-00212,35-44,Retail,North West,Low,2007
CUST-00213,18-24,Retail,London,High,2010
CUST-00214,35-44,Retail,Scotland,Low,2020
CUST-00215,45-54,Retail,North West,High,2016
CUST-00216,25-34,SME,North West,Medium,2009
CUST-00217,25-34,Retail,South West,Low,2014
CUST-00218,35-44,Retail,Scotland,Medium,2005
CUST-00219,18-24,Retail,South West,Low,2023
CUST-00220,25-34,Retail,Wales,Low,2017
CUST-00221,18-24,SME,Scotland,Low,2018
CUST-00222,65+,Corporate,Scotland,Low,2017
CUST-00223,65+,Corporate,North East,Low,2010
CUST-00224,25-34,Retail,South West,High,2017
CUST-00225,18-24,Corporate,North West,Very High,2007
CUST-00226,25-34,SME,North West,High,2009
CUST-00227,45-54,Retail,North West,Low,2022
CUST-00228,18-24,Retail,Wales,Low,2008
CUST-00229,65+,SME,Wales,Medium,2021
CUST-00230,25-34,SME,South East,High,2007
CUST-00231,55-64,Retail,Wales,Low,2020
CUST-00232,45-54,Retail,South West,Very High,2005
CUST-00233,45-54,Retail,Scotland,Very High,2016
CUST-00234,65+,Retail,South East,High,2017
CUST-00235,55-64,SME,London,Low,2007
CUST-00236,25-34,Corporate,South East,Medium,2005
CUST-00237,18-24,Corporate,South East,Medium,2021
CUST-00238,25-34,SME,Scotland,Medium,2012
CUST-00239,45-54,SME,Wales,Medium,2010
CUST-00240,55-64,Retail,South West,Very High,2015
CUST-00241,18-24,Retail,North East,Low,2013
CUST-00242,35-44,Corporate,Wales,Low,2012
CUST-00243,35-44,Private Banking,South East,Medium,2010
CUST-00244,25-34,Corporate,South West,Low,2023
CUST-00245,35-44,SME,Midlands,Low,2017
CUST-00246,65+,Retail,London,Low,2019
CUST-00247,45-54,SME,North East,Medium,2013
CUST-00248,18-24,Corporate,North East,High,2020
CUST-00249,18-24,SME,South East,Low,2014
CUST-00250,18-24,Retail,North East,Very High,2019
CUST-00251,45-54,Retail,Midlands,High,2011
CUST-00252,45-54,Retail,London,Medium,2017
CUST-00253,45-54,Retail,Midlands,Very High,2011
CUST-00254,35-44,Retail,North West,Low,2008
CUST-00255,18-24,Private Banking,North West,Medium,2019
CUST-00256,25-34,SME,Scotland,Low,2022
CUST-00257,35-44,Retail,South East,Low,2014
CUST-00258,45-54,Retail,South East,Medium,2005
CUST-00259,18-24,SME,South West,Medium,2018
CUST-00260,35-44,Retail,South East,Low,2010
CUST-00261,25-34,Corporate,South West,High,2007
CUST-00262,65+,Private Banking,Scotland,Very High,2006
CUST-00263,65+,SME,North West,Low,2013
CUST-00264,18-24,SME,Midlands,High,2015
CUST-00265,18-24,Retail,North West,Low,2007
CUST-00266,65+,SME,Wales,Medium,2010
CUST-00267,65+,SME,Midlands,Low,2005
CUST-00268,55-64,Private Banking,Midlands,Low,2007
CUST-00269,55-64,Retail,London,High,2008
CUST-00270,65+,Retail,London,Low,2013
CUST-00271,65+,Corporate,Wales,Low,2016
CUST-00272,65+,Retail,Wales,Low,2009
CUST-00273,25-34,Private Banking,South East,Low,2006
CUST-00274,65+,Retail,North West,High,2014
CUST-00275,35-44,Retail,Scotland,Medium,2012
CUST-00276,18-24,Private Banking,London,Low,2014
CUST-00277,18-24,SME,South East,Very High,2024
CUST-00278,25-34,Retail,Midlands,Low,2007
CUST-00279,18-24,SME,North West,High,2006
CUST-00280,35-44,Retail,Wales,Low,2008
CUST-00281,18-24,SME,North East,Very High,2012
CUST-00282,35-44,Private Banking,Wales,Low,2011
CUST-00283,65+,SME,North West,Low,2018
CUST-00284,45-54,SME,North East,High,2009
CUST-00285,45-54,SME,Midlands,High,2020
CUST-00286,18-24,Retail,South West,Very High,2006
CUST-00287,55-64,Retail,South East,Medium,2020
CUST-00288,45-54,Private Banking,Wales,Low,2011
CUST-00289,55-64,SME,Midlands,Medium,2018
CUST-00290,45-54,Private Banking,Scotland,Medium,2011
CUST-00291,18-24,Corporate,Wales,Low,2016
CUST-00292,18-24,Corporate,Wales,Low,2019
CUST-00293,35-44,SME,Scotland,Very High,2008
CUST-00294,25-34,Retail,Wales,Very High,2019
CUST-00295,65+,SME,Scotland,Low,2016
CUST-00296,45-54,Retail,South East,High,2017
CUST-00297,55-64,Retail,Midlands,Low,2010
CUST-00298,18-24,SME,South East,Low,2018
CUST-00299,25-34,Retail,London,Medium,2021
CUST-00300,25-34,Corporate,North East,High,2009
CUST-00301,25-34,Retail,South East,Medium,2020
CUST-00302,18-24,SME,South West,Low,2023
CUST-00303,65+,SME,Scotland,Low,2020
CUST-00304,65+,Retail,North West,Medium,2017
CUST-00305,55-64,Retail,South West,Low,2013
CUST-00306,55-64,Retail,Wales,Low,2022
CUST-00307,35-44,Private Banking,Midlands,Medium,2021
CUST-00308,65+,Retail,Wales,Low,2014
CUST-00309,55-64,Retail,North West,Medium,2013
CUST-00310,65+,Corporate,South West,High,2024
CUST-00311,65+,SME,North East,Medium,2007
CUST-00312,35-44,Retail,Scotland,Medium,2017
CUST-00313,25-34,SME,North West,Low,2012
CUST-00314,35-44,Corporate,North West,Low,2022
CUST-00315,35-44,Retail,London,Low,2014
CUST-00316,55-64,Retail,Wales,High,2020
CUST-00317,18-24,Private Banking,Midlands,Low,2010
CUST-00318,25-34,Retail,Midlands,Low,2017
CUST-00319,25-34,Retail,South West,Very High,2023
CUST-00320,18-24,Retail,Midlands,High,2022
CUST-00321,35-44,Corporate,London,Medium,2016
CUST-00322,25-34,SME,South East,Low,2015
CUST-00323,55-64,Private Banking,Wales,Medium,2005
CUST-00324,65+,Retail,Wales,Medium,2019
CUST-00325,25-34,Retail,North West,Very High,2008
CUST-00326,35-44,SME,North East,Low,2012
CUST-00327,55-64,Corporate,North East,High,2023
CUST-00328,35-44,SME,Wales,Low,2021
CUST-00329,25-34,Retail,South West,Medium,2016
CUST-00330,65+,Retail,North West,Low,2015
CUST-00331,45-54,Retail,London,Low,2006
CUST-00332,35-44,Retail,North West,High,2018
CUST-00333,35-44,Retail,South East,High,2006
CUST-00334,65+,Retail,Midlands,High,2021
CUST-00335,35-44,SME,Midlands,Low,2016
CUST-00336,25-34,Retail,Scotland,High,2020
CUST-00337,25-34,Retail,North West,Medium,2017
CUST-00338,25-34,Retail,North East,High,2006
CUST-00339,18-24,Corporate,South East,Low,2006
CUST-00340,35-44,Retail,South West,Very High,2018
CUST-00341,65+,Corporate,Midlands,Low,2024
CUST-00342,65+,Retail,Scotland,High,2009
CUST-00343,65+,SME,North West,Medium,2005
CUST-00344,45-54,Corporate,North West,Medium,2019
CUST-00345,45-54,SME,London,Low,2012
CUST-00346,35-44,Retail,North West,Low,2020
CUST-00347,35-44,Retail,Scotland,High,2020
CUST-00348,25-34,Retail,Midlands,Medium,2016
CUST-00349,65+,Retail,London,Medium,2005
CUST-00350,25-34,SME,North East,High,2008
CUST-00351,18-24,Retail,Midlands,High,2021
CUST-00352,65+,Retail,Midlands,Low,2016
CUST-00353,25-34,Retail,Wales,Low,2022
CUST-00354,18-24,Retail,Scotland,Low,2008
CUST-00355,45-54,Retail,North East,Low,2011
CUST-00356,35-44,Retail,North West,Low,2010
CUST-00357,35-44,Corporate,South East,Medium,2005
CUST-00358,65+,Retail,London,Low,2007
CUST-00359,35-44,Corporate,London,Medium,2024
CUST-00360,55-64,Retail,South East,High,2024
CUST-00361,25-34,Retail,Midlands,Low,2014
CUST-00362,65+,Corporate,South West,Medium,2008
CUST-00363,25-34,Retail,Midlands,Very High,2010
CUST-00364,65+,Retail,North East,Low,2016
CUST-00365,45-54,Retail,North West,Low,2024
CUST-00366,18-24,SME,Scotland,High,2012
CUST-00367,35-44,SME,Midlands,Low,2012
CUST-00368,65+,Retail,North East,Very High,2011
CUST-00369,65+,Retail,Scotland,Medium,2010
CUST-00370,45-54,Retail,South West,Medium,2011
CUST-00371,45-54,Retail,London,Low,2015
CUST-00372,55-64,Retail,North East,Low,2016
CUST-00373,45-54,Corporate,North West,High,2024
CUST-00374,65+,SME,South West,Medium,2006
CUST-00375,65+,Private Banking,Midlands,Very High,2023
CUST-00376,45-54,Retail,South West,Low,2018
CUST-00377,18-24,SME,London,Medium,2008
CUST-00378,65+,Retail,Midlands,Medium,2005
CUST-00379,65+,Corporate,North West,High,2024
CUST-00380,35-44,Retail,Wales,Medium,2008
CUST-00381,18-24,Retail,Midlands,High,2009
CUST-00382,65+,Corporate,North East,Very High,2008
CUST-00383,65+,Retail,South West,Medium,2007
CUST-00384,18-24,Retail,South East,High,2016
CUST-00385,55-64,Retail,Scotland,Very High,2023
CUST-00386,35-44,Retail,South West,Low,2020
CUST-00387,18-24,Retail,North West,High,2019
CUST-00388,65+,Retail,Scotland,Low,2014
CUST-00389,45-54,SME,South East,Medium,2007
CUST-00390,35-44,Retail,Scotland,Medium,2014
CUST-00391,65+,Retail,South East,Medium,2016
CUST-00392,25-34,Retail,Scotland,Low,2023
CUST-00393,25-34,Private Banking,North East,Low,2009
CUST-00394,18-24,Corporate,South West,Medium,2017
CUST-00395,18-24,Retail,Midlands,Low,2009
CUST-00396,45-54,Private Banking,Wales,Very High,2005
CUST-00397,45-54,Corporate,North West,Medium,2012
CUST-00398,18-24,Corporate,South West,Very High,2007
CUST-00399,18-24,Retail,North East,Low,2019
CUST-00400,45-54,SME,Wales,High,2012
CUST-00401,65+,Private Banking,London,Low,2010
CUST-00402,25-34,Retail,South East,Low,2024
CUST-00403,55-64,SME,North East,Low,2015
CUST-00404,55-64,Corporate,North West,Very High,2023
CUST-00405,65+,Retail,North East,Low,2012
CUST-00406,45-54,Private Banking,Midlands,High,2019
CUST-00407,35-44,Retail,Midlands,Medium,2010
CUST-00408,35-44,Retail,Wales,Low,2006
CUST-00409,55-64,Private Banking,Midlands,High,2021
CUST-00410,45-54,Retail,North East,Low,2009
CUST-00411,55-64,Retail,South East,Very High,2018
CUST-00412,65+,Retail,Scotland,Very High,2005
CUST-00413,65+,Retail,London,Low,2007
CUST-00414,45-54,Retail,Wales,High,2017
CUST-00415,45-54,SME,North East,Low,2018
CUST-00416,65+,Retail,London,Very High,2006
CUST-00417,35-44,Private Banking,Midlands,Low,2021
CUST-00418,35-44,Retail,Midlands,High,2008
CUST-00419,25-34,SME,Wales,Low,2008
CUST-00420,35-44,SME,South West,Low,2008
CUST-00421,55-64,Retail,South East,Very High,2016
CUST-00422,35-44,Retail,South West,Medium,2013
CUST-00423,18-24,Retail,Midlands,Very High,2023
CUST-00424,35-44,SME,South East,Low,2009
CUST-00425,45-54,Private Banking,London,Medium,2005
CUST-00426,35-44,Retail,Wales,High,2006
CUST-00427,55-64,SME,Wales,High,2023
CUST-00428,35-44,Corporate,North East,Medium,2017
CUST-00429,35-44,SME,Wales,Low,2023
CUST-00430,65+,Retail,Wales,Low,2021
CUST-00431,18-24,Retail,Wales,Medium,2015
CUST-00432,25-34,Retail,Midlands,Medium,2008
CUST-00433,18-24,Corporate,Wales,Medium,2019
CUST-00434,25-34,Private Banking,North East,Low,2008
CUST-00435,35-44,Retail,North West,Low,2008
CUST-00436,65+,SME,North East,High,2008
CUST-00437,55-64,Retail,Midlands,Low,2012
CUST-00438,25-34,Retail,Wales,Low,2016
CUST-00439,18-24,Retail,London,Medium,2009
CUST-00440,55-64,Corporate,South East,Medium,2013
CUST-00441,25-34,Retail,South East,High,2008
CUST-00442,25-34,Retail,Wales,Medium,2009
CUST-00443,25-34,Retail,North West,High,2012
CUST-00444,18-24,Retail,North East,Low,2012
CUST-00445,45-54,Private Banking,North East,Low,2012
CUST-00446,35-44,Corporate,Scotland,Medium,2024
CUST-00447,35-44,Corporate,South West,Medium,2015
CUST-00448,55-64,Retail,Wales,Medium,2005
CUST-00449,35-44,Retail,Midlands,Medium,2014
CUST-00450,45-54,Corporate,South West,Medium,2007
CUST-00451,25-34,Corporate,North East,Low,2020
CUST-00452,65+,Corporate,South East,High,2011
CUST-00453,55-64,SME,North West,Low,2017
CUST-00454,65+,SME,Scotland,Low,2010
CUST-00455,25-34,Retail,South East,Low,2017
CUST-00456,65+,Corporate,London,Low,2018
CUST-00457,55-64,Corporate,South East,Low,2024
CUST-00458,25-34,Retail,North West,High,2018
CUST-00459,35-44,Retail,South East,High,2011
CUST-00460,65+,Retail,South West,Low,2013
CUST-00461,55-64,SME,North East,Low,2016
CUST-00462,35-44,Retail,Wales,High,2005
CUST-00463,35-44,Retail,South West,Medium,2009
CUST-00464,25-34,Corporate,North East,Medium,2006
CUST-00465,35-44,Retail,Wales,Low,2009
CUST-00466,25-34,Retail,Midlands,Low,2014
CUST-00467,45-54,SME,Wales,High,2007
CUST-00468,65+,Retail,South East,Low,2023
CUST-00469,65+,SME,Wales,Low,2024
CUST-00470,18-24,Retail,South East,Medium,2008
CUST-00471,25-34,SME,North West,Medium,2009
CUST-00472,65+,Retail,Scotland,High,2010
CUST-00473,25-34,Private Banking,South East,Low,2015
CUST-00474,35-44,Corporate,Wales,Low,2012
CUST-00475,18-24,SME,South East,Low,2013
CUST-00476,55-64,Corporate,Scotland,Low,2022
CUST-00477,18-24,Retail,South East,High,2022
CUST-00478,65+,SME,Scotland,Low,2020
CUST-00479,18-24,Private Banking,North East,Low,2007
CUST-00480,55-64,Corporate,South East,Low,2015
CUST-00481,18-24,SME,North East,Medium,2017
CUST-00482,25-34,Retail,North West,Low,2015
CUST-00483,45-54,Retail,Scotland,Medium,2021
CUST-00484,55-64,Retail,North East,High,2019
CUST-00485,25-34,Retail,Scotland,Medium,2011
CUST-00486,55-64,SME,North East,Very High,2023
CUST-00487,35-44,SME,North West,Very High,2018
CUST-00488,35-44,Retail,Scotland,Very High,2013
CUST-00489,18-24,SME,North West,High,2017
CUST-00490,35-44,Corporate,North East,Very High,2011
CUST-00491,25-34,SME,North West,High,2010
CUST-00492,45-54,Retail,Midlands,High,2009
CUST-00493,25-34,Retail,Scotland,Medium,2014
CUST-00494,18-24,Corporate,North East,Low,2005
CUST-00495,35-44,Retail,South West,Low,2012
CUST-00496,55-64,Corporate,South East,Low,2019
CUST-00497,25-34,Retail,South East,High,2013
CUST-00498,55-64,Retail,Midlands,Low,2005
CUST-00499,35-44,SME,Wales,Very High,2012
CUST-00500,55-64,Retail,London,Medium,2013
CUST-00501,25-34,Corporate,South East,Medium,2021
CUST-00502,55-64,SME,South East,Low,2007
CUST-00503,25-34,Private Banking,South West,Very High,2021
CUST-00504,25-34,Retail,South East,Low,2006
CUST-00505,35-44,Private Banking,London,Low,2006
CUST-00506,18-24,Corporate,Wales,Low,2016
CUST-00507,18-24,Corporate,Wales,High,2011
CUST-00508,45-54,SME,Midlands,Medium,2013
CUST-00509,25-34,Retail,Midlands,Low,2013
CUST-00510,55-64,Retail,North East,Low,2009
CUST-00511,55-64,SME,North West,High,2017
CUST-00512,65+,SME,South East,Low,2011
CUST-00513,35-44,Corporate,Wales,Low,2007
CUST-00514,25-34,Retail,North West,Medium,2016
CUST-00515,35-44,SME,Scotland,Medium,2023
CUST-00516,18-24,SME,Scotland,Medium,2018
CUST-00517,55-64,Retail,Midlands,Low,2013
CUST-00518,18-24,Retail,North East,Low,2019
CUST-00519,65+,Retail,North East,Low,2005
CUST-00520,55-64,Retail,London,Medium,2017
CUST-00521,65+,Retail,Midlands,High,2017
CUST-00522,45-54,Retail,Midlands,Medium,2015
CUST-00523,45-54,Retail,South West,Medium,2016
CUST-00524,35-44,Retail,Scotland,Very High,2008
CUST-00525,18-24,Retail,London,Low,2017
CUST-00526,35-44,SME,Wales,High,2005
CUST-00527,65+,Private Banking,South East,Medium,2024
CUST-00528,25-34,Retail,Midlands,Medium,2017
CUST-00529,25-34,Retail,North East,Low,2009
CUST-00530,65+,SME,Midlands,Medium,2021
CUST-00531,55-64,Retail,South East,Very High,2011
CUST-00532,25-34,SME,North East,Low,2024
CUST-00533,18-24,SME,Scotland,Very High,2019
CUST-00534,65+,Retail,Midlands,Very High,2015
CUST-00535,25-34,Retail,North West,High,2009
CUST-00536,65+,Corporate,Scotland,Very High,2020
CUST-00537,18-24,Retail,North West,Low,2006
CUST-00538,45-54,SME,Midlands,Medium,2013
CUST-00539,55-64,Retail,North West,Medium,2015
CUST-00540,18-24,Corporate,South West,Low,2013
CUST-00541,18-24,SME,North East,Low,2008
CUST-00542,18-24,Retail,North West,Low,2018
CUST-00543,55-64,Retail,London,Low,2023
CUST-00544,45-54,Corporate,London,Low,2008
CUST-00545,25-34,Retail,Midlands,Medium,2012
CUST-00546,18-24,Corporate,South East,High,2005
CUST-00547,45-54,Retail,South West,Low,2018
CUST-00548,18-24,SME,South East,Low,2019
CUST-00549,65+,Retail,South West,Medium,2016
CUST-00550,25-34,Retail,Wales,Medium,2009
CUST-00551,18-24,SME,North West,Low,2012
CUST-00552,18-24,SME,South East,Low,2017
CUST-00553,45-54,SME,North East,High,2005
CUST-00554,18-24,SME,Wales,Medium,2009
CUST-00555,65+,Retail,South East,Low,2008
CUST-00556,35-44,Corporate,Scotland,Low,2023
CUST-00557,45-54,Retail,South West,Low,2011
CUST-00558,65+,Retail,North East,Very High,2020
CUST-00559,25-34,Private Banking,South West,Very High,2008
CUST-00560,45-54,Corporate,London,Low,2017
CUST-00561,35-44,SME,Midlands,Medium,2015
CUST-00562,18-24,Retail,Wales,Medium,2019
CUST-00563,45-54,Retail,Midlands,High,2015
CUST-00564,25-34,SME,London,Very High,2012
CUST-00565,35-44,Retail,South East,Low,2016
CUST-00566,65+,Retail,South West,Medium,2022
CUST-00567,25-34,Retail,North East,Low,2016
CUST-00568,45-54,Retail,London,High,2018
CUST-00569,45-54,Retail,South East,Very High,2018
CUST-00570,55-64,Retail,Midlands,Low,2014
CUST-00571,18-24,Retail,North West,High,2005
CUST-00572,65+,Corporate,London,Medium,2013
CUST-00573,25-34,Retail,Wales,Very High,2012
CUST-00574,65+,Retail,North West,Medium,2008
CUST-00575,18-24,Retail,London,Medium,2014
CUST-00576,18-24,Retail,Scotland,Low,2015
CUST-00577,35-44,SME,London,Low,2011
CUST-00578,35-44,Retail,Midlands,Medium,2005
CUST-00579,35-44,Retail,Midlands,Low,2020
CUST-00580,55-64,Retail,South East,Low,2016
CUST-00581,45-54,Retail,Scotland,Low,2022
CUST-00582,35-44,SME,North East,Low,2023
CUST-00583,65+,SME,Scotland,Low,2023
CUST-00584,25-34,SME,North West,High,2023
CUST-00585,55-64,Retail,London,Very High,2024
CUST-00586,45-54,Retail,London,Low,2024
CUST-00587,18-24,Corporate,Midlands,Low,2015
CUST-00588,25-34,Private Banking,North West,Medium,2014
CUST-00589,25-34,Private Banking,London,Low,2024
CUST-00590,25-34,Retail,Scotland,Medium,2013
CUST-00591,55-64,Private Banking,Scotland,Very High,2024
CUST-00592,25-34,Corporate,South East,Medium,2013
CUST-00593,35-44,Retail,North East,Low,2011
CUST-00594,45-54,Retail,Wales,Very High,2011
CUST-00595,35-44,Retail,Midlands,Low,2019
CUST-00596,55-64,SME,North West,Low,2010
CUST-00597,35-44,SME,North West,Low,2014
CUST-00598,35-44,Corporate,London,Low,2016
CUST-00599,18-24,Retail,South West,Low,2019
CUST-00600,18-24,Retail,South West,Medium,2009
CUST-00601,35-44,Corporate,South East,Medium,2023
CUST-00602,65+,SME,Midlands,Medium,2019
CUST-00603,35-44,Retail,North West,Very High,2007
CUST-00604,45-54,Retail,Midlands,Medium,2017
CUST-00605,18-24,Retail,South West,Low,2010
CUST-00606,18-24,Retail,North West,Low,2010
CUST-00607,35-44,Retail,North West,Low,2023
CUST-00608,35-44,Retail,North West,Low,2011
CUST-00609,45-54,Retail,London,Low,2010
CUST-00610,55-64,Private Banking,London,Very High,2015
CUST-00611,65+,SME,North West,Medium,2006
CUST-00612,55-64,Corporate,South East,High,2013
CUST-00613,55-64,Retail,North East,High,2006
CUST-00614,65+,Private Banking,Midlands,Low,2020
CUST-00615,25-34,Retail,Wales,Low,2018
CUST-00616,55-64,SME,Scotland,High,2022
CUST-00617,55-64,Retail,North West,Low,2022
CUST-00618,18-24,Retail,South West,Low,2012
CUST-00619,18-24,Retail,South West,Low,2022
CUST-00620,65+,Retail,Wales,Low,2015
CUST-00621,35-44,Retail,North West,Low,2005
CUST-00622,18-24,SME,Scotland,Low,2013
CUST-00623,65+,Private Banking,North West,High,2005
CUST-00624,55-64,Corporate,South East,Very High,2007
CUST-00625,45-54,Corporate,South East,Medium,2011
CUST-00626,45-54,Private Banking,South West,Low,2007
CUST-00627,35-44,Retail,Wales,Medium,2011
CUST-00628,45-54,Retail,Scotland,High,2015
CUST-00629,18-24,Retail,Wales,Low,2012
CUST-00630,65+,Retail,North West,High,2011
CUST-00631,35-44,Retail,Wales,Medium,2014
CUST-00632,18-24,Private Banking,North East,Low,2014
CUST-00633,25-34,Private Banking,Midlands,High,2023
CUST-00634,18-24,Private Banking,Wales,Low,2023
CUST-00635,25-34,Retail,North West,Low,2019
CUST-00636,35-44,Corporate,North East,Low,2010
CUST-00637,45-54,Retail,London,Medium,2007
CUST-00638,45-54,SME,Midlands,Low,2006
CUST-00639,65+,Corporate,Wales,Very High,2014
CUST-00640,18-24,Retail,North East,Low,2015
CUST-00641,65+,Retail,London,Low,2015
CUST-00642,25-34,Retail,Wales,Low,2010
CUST-00643,25-34,Retail,Midlands,Medium,2018
CUST-00644,45-54,Retail,North West,High,2016
CUST-00645,25-34,Corporate,Scotland,Very High,2023
CUST-00646,55-64,Retail,South West,Low,2018
CUST-00647,55-64,Retail,Midlands,Very High,2013
CUST-00648,45-54,SME,London,Low,2015
CUST-00649,65+,SME,North East,Medium,2023
CUST-00650,45-54,Corporate,Scotland,High,2022
CUST-00651,18-24,Retail,Scotland,Low,2008
CUST-00652,65+,Retail,London,Medium,2008
CUST-00653,55-64,Retail,Wales,Low,2018
CUST-00654,18-24,SME,London,High,2008
CUST-00655,25-34,SME,South West,Low,2016
CUST-00656,45-54,Retail,Wales,Low,2005
CUST-00657,45-54,Retail,London,Medium,2024
CUST-00658,55-64,SME,South East,Very High,2014
CUST-00659,65+,Retail,Midlands,Medium,2020
CUST-00660,45-54,SME,Wales,Low,2022
CUST-00661,55-64,Retail,London,Very High,2005
CUST-00662,25-34,Retail,North West,Low,2008
CUST-00663,55-64,Corporate,Midlands,High,2021
CUST-00664,18-24,Retail,Wales,Low,2006
CUST-00665,35-44,Retail,South West,Low,2007
CUST-00666,25-34,Retail,North East,Medium,2016
CUST-00667,25-34,Retail,North East,Low,2019
CUST-00668,35-44,Corporate,North East,Medium,2012
CUST-00669,45-54,Retail,London,Medium,2018
CUST-00670,18-24,Retail,London,Medium,2019
CUST-00671,65+,Corporate,North East,Low,2006
CUST-00672,18-24,Retail,Scotland,Low,2022
CUST-00673,35-44,Retail,Scotland,Low,2010
CUST-00674,55-64,Retail,South West,Medium,2024
CUST-00675,45-54,Retail,North East,Low,2010
CUST-00676,35-44,SME,South West,High,2018
CUST-00677,55-64,Retail,Midlands,Low,2011
CUST-00678,45-54,Retail,Wales,Medium,2011
CUST-00679,65+,Retail,North West,Low,2021
CUST-00680,65+,Retail,Midlands,Medium,2018
CUST-00681,18-24,Retail,South East,High,2016
CUST-00682,18-24,SME,South East,Low,2024
CUST-00683,35-44,Retail,Wales,Low,2021
CUST-00684,45-54,Retail,Scotland,High,2005
CUST-00685,25-34,Retail,South West,Medium,2012
CUST-00686,25-34,SME,Scotland,Low,2016
CUST-00687,55-64,Corporate,North East,High,2012
CUST-00688,55-64,SME,Wales,Low,2010
CUST-00689,45-54,SME,South West,Low,2023
CUST-00690,65+,Retail,South West,Low,2014
CUST-00691,35-44,Retail,South East,Low,2007
CUST-00692,18-24,Retail,London,Very High,2008
CUST-00693,65+,Corporate,London,High,2023
CUST-00694,55-64,SME,North East,Low,2017
CUST-00695,18-24,SME,North East,High,2022
CUST-00696,45-54,SME,South East,Low,2024
CUST-00697,25-34,Retail,Wales,Medium,2018
CUST-00698,55-64,Retail,London,Very High,2009
CUST-00699,35-44,SME,Midlands,Medium,2006
CUST-00700,18-24,SME,North East,Low,2016
CUST-00701,45-54,SME,Wales,Medium,2010
CUST-00702,55-64,Retail,London,Medium,2017
CUST-00703,18-24,Retail,North West,Low,2024
CUST-00704,65+,Retail,Midlands,Medium,2016
CUST-00705,18-24,Corporate,Wales,Low,2012
CUST-00706,45-54,Retail,Wales,Medium,2013
CUST-00707,18-24,Retail,Wales,High,2010
CUST-00708,35-44,Retail,Midlands,Low,2008
CUST-00709,65+,Retail,South West,Low,2024
CUST-00710,25-34,Retail,London,Low,2021
CUST-00711,65+,Corporate,North East,Low,2016
CUST-00712,18-24,Private Banking,South East,Medium,2013
CUST-00713,65+,Corporate,South West,Low,2017
CUST-00714,45-54,Retail,Wales,Medium,2021
CUST-00715,25-34,SME,London,Medium,2020
CUST-00716,65+,Retail,North East,High,2006
CUST-00717,45-54,Retail,South West,Very High,2020
CUST-00718,45-54,Retail,North East,Medium,2007
CUST-00719,55-64,Corporate,South East,Low,2012
CUST-00720,18-24,Retail,South West,Low,2009
CUST-00721,35-44,Retail,Scotland,Low,2020
CUST-00722,45-54,Retail,South West,High,2023
CUST-00723,65+,SME,North East,High,2015
CUST-00724,45-54,SME,Scotland,Medium,2005
CUST-00725,65+,SME,Scotland,Very High,2007
CUST-00726,35-44,Retail,North West,Low,2015
CUST-00727,45-54,Retail,North West,Low,2007
CUST-00728,45-54,Private Banking,Midlands,Low,2008
CUST-00729,65+,Retail,North West,Low,2009
CUST-00730,35-44,Private Banking,North West,Medium,2010
CUST-00731,65+,Retail,London,Medium,2010
CUST-00732,35-44,SME,Scotland,Low,2018
CUST-00733,25-34,SME,Scotland,Medium,2011
CUST-00734,35-44,Retail,Midlands,Low,2018
CUST-00735,35-44,SME,London,Very High,2017
CUST-00736,55-64,Retail,South East,High,2017
CUST-00737,55-64,Retail,North East,Medium,2007
CUST-00738,65+,Corporate,North West,Low,2006
CUST-00739,35-44,Retail,London,Low,2022
CUST-00740,35-44,Retail,London,Low,2013
CUST-00741,45-54,SME,South West,High,2022
CUST-00742,18-24,Corporate,Midlands,Low,2006
CUST-00743,65+,Private Banking,South West,Low,2013
CUST-00744,35-44,Retail,Wales,Medium,2020
CUST-00745,18-24,SME,South East,Low,2021
CUST-00746,25-34,Retail,North West,Medium,2022
CUST-00747,45-54,SME,Midlands,High,2006
CUST-00748,25-34,Retail,Midlands,Medium,2022
CUST-00749,65+,Corporate,South West,High,2023
CUST-00750,65+,Private Banking,South West,Low,2016
CUST-00751,55-64,Retail,Scotland,Low,2006
CUST-00752,25-34,Retail,Scotland,Low,2014
CUST-00753,45-54,Retail,Wales,High,2008
CUST-00754,35-44,Retail,South East,Medium,2021
CUST-00755,55-64,SME,Wales,Low,2024
CUST-00756,45-54,Retail,North East,High,2022
CUST-00757,65+,SME,North East,Medium,2008
CUST-00758,65+,Retail,South East,Very High,2021
CUST-00759,18-24,Private Banking,Midlands,Medium,2009
CUST-00760,35-44,Retail,North East,Medium,2009
CUST-00761,55-64,Retail,Midlands,High,2016
CUST-00762,25-34,Corporate,Midlands,Medium,2022
CUST-00763,55-64,Retail,Scotland,Low,2011
CUST-00764,45-54,Retail,Midlands,Low,2014
CUST-00765,25-34,Retail,Scotland,Medium,2020
CUST-00766,55-64,Retail,Wales,Medium,2021
CUST-00767,25-34,SME,South East,High,2018
CUST-00768,25-34,Retail,Wales,Medium,2018
CUST-00769,35-44,Private Banking,Scotland,Low,2012
CUST-00770,35-44,Private Banking,Midlands,High,2022
CUST-00771,55-64,Retail,North East,Low,2023
CUST-00772,35-44,SME,Wales,High,2015
CUST-00773,55-64,SME,North East,Low,2005
CUST-00774,35-44,Retail,North West,High,2008
CUST-00775,55-64,Retail,South West,Medium,2011
CUST-00776,25-34,Corporate,South West,Low,2009
CUST-00777,45-54,Retail,South West,Medium,2013
CUST-00778,45-54,Corporate,North West,Medium,2012
CUST-00779,35-44,SME,South East,Low,2021
CUST-00780,55-64,Retail,Scotland,Low,2022
CUST-00781,55-64,SME,North West,Low,2005
CUST-00782,35-44,Retail,North East,Low,2008
CUST-00783,25-34,SME,Wales,Medium,2024
CUST-00784,18-24,Retail,South East,High,2020
CUST-00785,35-44,Retail,North East,Low,2020
CUST-00786,25-34,Retail,South West,Medium,2009
CUST-00787,45-54,Retail,North East,Medium,2016
CUST-00788,65+,Corporate,Scotland,High,2018
CUST-00789,45-54,SME,Scotland,Medium,2020
CUST-00790,65+,Retail,London,Low,2006
CUST-00791,45-54,SME,Midlands,Very High,2006
CUST-00792,65+,Retail,North West,Very High,2020
CUST-00793,18-24,SME,London,High,2017
CUST-00794,35-44,Retail,London,Medium,2010
CUST-00795,35-44,Retail,London,Low,2006
CUST-00796,45-54,Retail,North East,Low,2018
CUST-00797,55-64,Private Banking,Scotland,Medium,2014
CUST-00798,35-44,Retail,Midlands,High,2019
CUST-00799,55-64,SME,North East,Very High,2015
CUST-00800,45-54,SME,North East,Low,2020
CUST-00801,18-24,Retail,Midlands,Very High,2014
CUST-00802,45-54,Retail,Wales,Low,2011
CUST-00803,55-64,Retail,South East,Medium,2005
CUST-00804,18-24,SME,Midlands,High,2005
CUST-00805,35-44,Retail,Scotland,Low,2020
CUST-00806,45-54,Private Banking,North East,Low,2010
CUST-00807,45-54,Private Banking,London,Medium,2024
CUST-00808,65+,Retail,South East,Medium,2009
CUST-00809,45-54,Retail,Wales,High,2022
CUST-00810,35-44,Corporate,North East,Medium,2018
CUST-00811,65+,Retail,Wales,Medium,2015
CUST-00812,35-44,SME,Midlands,Low,2013
CUST-00813,55-64,Retail,South East,Low,2012
CUST-00814,45-54,Retail,London,Low,2020
CUST-00815,45-54,Retail,Midlands,Low,2011
CUST-00816,55-64,SME,North West,Low,2023
CUST-00817,65+,SME,Midlands,Medium,2005
CUST-00818,35-44,Retail,South East,Low,2011
CUST-00819,35-44,Retail,Midlands,Low,2021
CUST-00820,35-44,Private Banking,South East,Medium,2005
CUST-00821,65+,Retail,Midlands,Medium,2013
CUST-00822,25-34,Retail,London,Low,2010
CUST-00823,25-34,Retail,Scotland,Low,2007
CUST-00824,18-24,Retail,North West,Low,2011
CUST-00825,25-34,Retail,South East,Medium,2014
CUST-00826,65+,Retail,South East,Low,2007
CUST-00827,45-54,SME,Scotland,Very High,2015
CUST-00828,65+,Private Banking,Midlands,Low,2009
CUST-00829,45-54,Retail,Midlands,Medium,2013
CUST-00830,65+,Private Banking,Midlands,Low,2012
CUST-00831,25-34,Retail,South West,Medium,2013
CUST-00832,65+,SME,North East,Medium,2007
CUST-00833,18-24,Retail,Wales,Medium,2011
CUST-00834,18-24,Corporate,South West,Low,2005
CUST-00835,55-64,Retail,South West,Medium,2022
CUST-00836,18-24,Retail,South East,Medium,2016
CUST-00837,35-44,Retail,Scotland,Medium,2011
CUST-00838,55-64,Retail,South West,Medium,2016
CUST-00839,65+,Retail,Wales,High,2019
CUST-00840,25-34,Retail,Wales,Low,2005
CUST-00841,65+,Corporate,South East,Very High,2024
CUST-00842,25-34,Retail,South East,Low,2011
CUST-00843,18-24,Corporate,South West,High,2023
CUST-00844,18-24,Retail,Midlands,High,2023
CUST-00845,25-34,Retail,North West,Medium,2015
CUST-00846,18-24,Corporate,South East,Low,2020
CUST-00847,65+,SME,London,Very High,2007
CUST-00848,25-34,Retail,North East,Medium,2010
CUST-00849,65+,Retail,South East,Medium,2008
CUST-00850,45-54,Private Banking,South West,Low,2015
CUST-00851,25-34,SME,Wales,High,2009
CUST-00852,55-64,SME,North East,High,2010
CUST-00853,55-64,Retail,Scotland,Low,2019
CUST-00854,25-34,Retail,South West,Low,2008
CUST-00855,45-54,Corporate,North East,Medium,2007
CUST-00856,25-34,SME,London,Medium,2014
CUST-00857,18-24,Private Banking,South East,Medium,2020
CUST-00858,18-24,SME,Midlands,High,2009
CUST-00859,18-24,SME,London,Medium,2018
CUST-00860,45-54,Retail,North East,Low,2020
CUST-00861,25-34,SME,South West,Low,2013
CUST-00862,55-64,SME,North East,Low,2023
CUST-00863,45-54,Retail,North West,Low,2012
CUST-00864,35-44,Retail,London,Medium,2016
CUST-00865,35-44,Retail,South East,Low,2021
CUST-00866,65+,Retail,Midlands,Medium,2020
CUST-00867,35-44,Retail,North West,Low,2007
CUST-00868,65+,SME,South West,Medium,2005
CUST-00869,45-54,Retail,Wales,Low,2009
CUST-00870,65+,Retail,Midlands,High,2019
CUST-00871,25-34,SME,Midlands,Very High,2018
CUST-00872,65+,Corporate,Midlands,Low,2006
CUST-00873,18-24,SME,North East,Medium,2022
CUST-00874,35-44,Retail,North East,Medium,2009
CUST-00875,25-34,Retail,Scotland,Low,2007
CUST-00876,25-34,Retail,London,High,2013
CUST-00877,45-54,SME,South East,Low,2006
CUST-00878,35-44,Private Banking,London,Low,2021
CUST-00879,18-24,Corporate,North East,Medium,2018
CUST-00880,35-44,SME,North East,Medium,2010
CUST-00881,25-34,SME,London,Low,2011
CUST-00882,55-64,Retail,South West,High,2009
CUST-00883,55-64,Corporate,Scotland,Medium,2012
CUST-00884,65+,Corporate,Midlands,High,2024
CUST-00885,65+,Retail,London,Medium,2011
CUST-00886,35-44,Retail,South West,Low,2024
CUST-00887,18-24,SME,South West,Low,2010
CUST-00888,45-54,Retail,Wales,Medium,2017
CUST-00889,18-24,Retail,South West,Low,2018
CUST-00890,25-34,SME,London,Medium,2014
CUST-00891,18-24,SME,South East,Medium,2021
CUST-00892,25-34,Retail,South West,Low,2011
CUST-00893,55-64,Retail,Midlands,Low,2018
CUST-00894,25-34,Retail,Scotland,Medium,2018
CUST-00895,18-24,Corporate,Midlands,Very High,2015
CUST-00896,18-24,SME,Scotland,Low,2020
CUST-00897,45-54,SME,London,High,2005
CUST-00898,35-44,Retail,Midlands,Low,2024
CUST-00899,25-34,SME,North East,Low,2005
CUST-00900,55-64,Corporate,North West,Medium,2008
CUST-00901,18-24,Retail,Scotland,Low,2021
CUST-00902,18-24,Retail,London,Low,2006
CUST-00903,55-64,Retail,South West,Low,2020
CUST-00904,65+,Retail,London,Very High,2019
CUST-00905,18-24,Retail,Wales,Medium,2006
CUST-00906,25-34,SME,North West,Low,2024
CUST-00907,25-34,Private Banking,Wales,Medium,2014
CUST-00908,55-64,Corporate,Wales,Low,2012
CUST-00909,18-24,Private Banking,Scotland,Low,2020
CUST-00910,25-34,Retail,London,Medium,2006
CUST-00911,65+,Corporate,Wales,Low,2007
CUST-00912,18-24,Retail,Scotland,Low,2005
CUST-00913,35-44,SME,Wales,Medium,2020
CUST-00914,35-44,Retail,Scotland,Medium,2008
CUST-00915,45-54,Private Banking,North East,Very High,2021
CUST-00916,65+,Private Banking,North East,Medium,2013
CUST-00917,25-34,Retail,London,Low,2024
CUST-00918,18-24,SME,South West,Low,2020
CUST-00919,55-64,SME,South East,Medium,2010
CUST-00920,35-44,Retail,London,Low,2011
CUST-00921,45-54,SME,North East,Low,2010
CUST-00922,55-64,Corporate,South West,Low,2018
CUST-00923,25-34,Retail,Wales,Low,2008
CUST-00924,35-44,Retail,North West,Low,2006
CUST-00925,18-24,Private Banking,South East,Low,2009
CUST-00926,25-34,Retail,Wales,Low,2022
CUST-00927,55-64,Retail,South West,Medium,2007
CUST-00928,18-24,Retail,North West,Medium,2021
CUST-00929,25-34,Private Banking,Midlands,High,2015
CUST-00930,45-54,Retail,Wales,Low,2005
CUST-00931,18-24,Retail,London,High,2010
CUST-00932,45-54,Retail,South East,Low,2018
CUST-00933,18-24,Retail,Midlands,Low,2006
CUST-00934,25-34,SME,North West,Low,2024
CUST-00935,65+,SME,South West,Low,2008
CUST-00936,45-54,SME,Scotland,Medium,2021
CUST-00937,35-44,Retail,Scotland,Medium,2024
CUST-00938,18-24,Retail,London,Medium,2010
CUST-00939,18-24,SME,South East,Low,2005
CUST-00940,45-54,Retail,South East,Low,2013
CUST-00941,45-54,SME,Wales,Low,2015
CUST-00942,35-44,Private Banking,North West,Medium,2020
CUST-00943,65+,Retail,Midlands,Medium,2007
CUST-00944,65+,Retail,North East,Low,2024
CUST-00945,35-44,Retail,London,Medium,2009
CUST-00946,18-24,Retail,London,Medium,2023
CUST-00947,45-54,SME,Scotland,Very High,2013
CUST-00948,25-34,SME,North East,Low,2007
CUST-00949,55-64,Retail,North West,Low,2024
CUST-00950,35-44,Corporate,Scotland,Medium,2017
CUST-00951,65+,Corporate,Midlands,High,2022
CUST-00952,45-54,Private Banking,Midlands,Low,2010
CUST-00953,18-24,Retail,South East,Low,2008
CUST-00954,35-44,Corporate,North East,Medium,2010
CUST-00955,25-34,Corporate,North West,Medium,2012
CUST-00956,18-24,Retail,Midlands,Low,2018
CUST-00957,18-24,SME,Scotland,High,2011
CUST-00958,35-44,Retail,South West,Low,2005
CUST-00959,25-34,Retail,Midlands,Low,2016
CUST-00960,45-54,SME,South East,Medium,2018
CUST-00961,25-34,SME,North West,Low,2022
CUST-00962,45-54,Retail,Scotland,Low,2018
CUST-00963,35-44,Retail,South East,Medium,2005
CUST-00964,65+,Corporate,London,Low,2008
CUST-00965,55-64,Retail,Midlands,Medium,2018
CUST-00966,65+,Private Banking,London,Medium,2010
CUST-00967,35-44,SME,South West,High,2015
CUST-00968,25-34,Retail,South West,Medium,2023
CUST-00969,18-24,Retail,North West,Low,2012
CUST-00970,55-64,Retail,South East,Very High,2019
CUST-00971,65+,Retail,London,High,2006
CUST-00972,55-64,Retail,Scotland,Medium,2021
CUST-00973,35-44,Corporate,South West,Medium,2021
CUST-00974,55-64,Retail,South West,Medium,2015
CUST-00975,55-64,Retail,Wales,Low,2015
CUST-00976,45-54,Retail,Scotland,Low,2009
CUST-00977,18-24,Retail,North East,Medium,2006
CUST-00978,65+,Retail,North West,High,2018
CUST-00979,35-44,Retail,South East,Low,2018
CUST-00980,18-24,Private Banking,Midlands,High,2021
CUST-00981,25-34,Private Banking,Scotland,Medium,2013
CUST-00982,25-34,SME,South West,Low,2011
CUST-00983,35-44,SME,London,Low,2011
CUST-00984,25-34,Retail,South West,Low,2012
CUST-00985,18-24,SME,North West,High,2018
CUST-00986,55-64,Corporate,London,Low,2018
CUST-00987,45-54,Retail,London,Medium,2008
CUST-00988,65+,Private Banking,South East,High,2023
CUST-00989,18-24,Retail,North East,Low,2014
CUST-00990,55-64,Retail,Wales,Low,2020
CUST-00991,18-24,Retail,Scotland,High,2014
CUST-00992,25-34,Retail,Scotland,Very High,2013
CUST-00993,35-44,SME,Midlands,Medium,2018
CUST-00994,35-44,Corporate,South East,High,2023
CUST-00995,25-34,SME,Midlands,Medium,2006
CUST-00996,65+,SME,South East,Medium,2019
CUST-00997,25-34,Retail,Wales,Medium,2017
CUST-00998,35-44,Retail,South West,Medium,2022
CUST-00999,35-44,Corporate,South East,Medium,2009
CUST-01000,55-64,Retail,Midlands,High,2022
CUST-01001,65+,Retail,Scotland,Low,2017
CUST-01002,45-54,SME,Wales,Medium,2014
CUST-01003,45-54,Retail,Wales,High,2015
CUST-01004,65+,Private Banking,South East,Medium,2024
CUST-01005,65+,SME,North East,High,2021
CUST-01006,25-34,SME,Scotland,Medium,2015
CUST-01007,65+,Retail,London,High,2020
CUST-01008,45-54,Retail,South West,Low,2008
CUST-01009,65+,Retail,Midlands,High,2024
CUST-01010,18-24,Retail,Wales,Medium,2019
CUST-01011,45-54,SME,South East,High,2021
CUST-01012,18-24,Corporate,Wales,Low,2015
CUST-01013,35-44,Retail,South East,High,2018
CUST-01014,35-44,Private Banking,South East,Medium,2007
CUST-01015,35-44,SME,North East,High,2010
CUST-01016,35-44,Retail,London,Medium,2020
CUST-01017,45-54,SME,South West,Medium,2013
CUST-01018,45-54,Retail,London,Medium,2023
CUST-01019,25-34,Corporate,South West,Low,2020
CUST-01020,65+,Corporate,South East,Medium,2011
CUST-01021,65+,Retail,South East,High,2022
CUST-01022,35-44,Retail,South East,Low,2021
CUST-01023,55-64,Retail,Wales,Low,2005
CUST-01024,55-64,Retail,Scotland,High,2019
CUST-01025,65+,Retail,North East,High,2007
CUST-01026,35-44,Retail,Midlands,High,2021
CUST-01027,25-34,Retail,North East,Low,2010
CUST-01028,18-24,Corporate,Wales,Very High,2022
CUST-01029,25-34,Retail,Midlands,Very High,2010
CUST-01030,18-24,Retail,Midlands,Medium,2023
CUST-01031,45-54,Retail,South East,Low,2017
CUST-01032,25-34,SME,Midlands,Low,2011
CUST-01033,18-24,SME,South West,Medium,2016
CUST-01034,55-64,Retail,North East,Low,2011
CUST-01035,45-54,Retail,Scotland,Very High,2019
CUST-01036,35-44,SME,North West,High,2016
CUST-01037,25-34,SME,Wales,High,2007
CUST-01038,25-34,Private Banking,Scotland,Low,2016
CUST-01039,35-44,Retail,Scotland,Low,2016
CUST-01040,55-64,Corporate,Scotland,Low,2015
CUST-01041,55-64,Corporate,London,Low,2018
CUST-01042,25-34,SME,North West,Low,2012
CUST-01043,25-34,Corporate,South East,Low,2020
CUST-01044,25-34,Retail,Scotland,Low,2009
CUST-01045,65+,Retail,London,Low,2022
CUST-01046,35-44,Retail,South East,High,2009
CUST-01047,35-44,SME,South West,High,2012
CUST-01048,25-34,Retail,North West,Low,2007
CUST-01049,18-24,Retail,Scotland,Low,2021
CUST-01050,45-54,Retail,South West,Low,2020
CUST-01051,35-44,SME,North West,High,2010
CUST-01052,25-34,SME,London,Low,2008
CUST-01053,55-64,Retail,Midlands,Low,2020
CUST-01054,18-24,Private Banking,Scotland,Low,2017
CUST-01055,55-64,SME,London,Low,2017
CUST-01056,18-24,SME,South West,Medium,2013
CUST-01057,45-54,Retail,London,Low,2005
CUST-01058,35-44,Retail,Midlands,High,2016
CUST-01059,45-54,Retail,London,Medium,2018
CUST-01060,25-34,Retail,South West,Medium,2019
CUST-01061,25-34,Private Banking,North East,High,2016
CUST-01062,55-64,Corporate,Midlands,High,2019
CUST-01063,55-64,Retail,South West,High,2008
CUST-01064,45-54,Corporate,South East,Medium,2013
CUST-01065,55-64,Private Banking,North East,High,2017
CUST-01066,25-34,SME,Scotland,Medium,2023
CUST-01067,35-44,SME,Scotland,High,2023
CUST-01068,25-34,Retail,Midlands,Very High,2019
CUST-01069,55-64,Retail,Midlands,High,2014
CUST-01070,25-34,Retail,London,High,2006
CUST-01071,25-34,Corporate,North West,Medium,2020
CUST-01072,25-34,Retail,Wales,Low,2015
CUST-01073,18-24,Retail,North East,Medium,2012
CUST-01074,35-44,Retail,London,Low,2023
CUST-01075,18-24,Retail,South West,Low,2013
CUST-01076,18-24,Retail,Midlands,Low,2020
CUST-01077,25-34,SME,North West,Medium,2010
CUST-01078,45-54,Private Banking,Midlands,Very High,2018
CUST-01079,35-44,Retail,North East,High,2014
CUST-01080,55-64,SME,London,Low,2024
CUST-01081,35-44,Private Banking,North East,Low,2013
CUST-01082,25-34,Private Banking,South East,Medium,2024
CUST-01083,65+,SME,North West,Low,2005
CUST-01084,25-34,Retail,North East,Low,2008
CUST-01085,18-24,SME,Wales,Medium,2014
CUST-01086,55-64,Retail,South East,Low,2005
CUST-01087,18-24,Retail,North West,Low,2010
CUST-01088,18-24,SME,North East,Low,2017
CUST-01089,25-34,SME,North East,Very High,2021
CUST-01090,18-24,Retail,Wales,Medium,2013
CUST-01091,65+,Retail,Midlands,Low,2007
CUST-01092,55-64,SME,Midlands,High,2017
CUST-01093,45-54,SME,London,Medium,2012
CUST-01094,45-54,Retail,North East,Low,2023
CUST-01095,45-54,SME,Midlands,Medium,2020
CUST-01096,35-44,Retail,London,Medium,2013
CUST-01097,65+,SME,London,Medium,2013
CUST-01098,25-34,SME,Scotland,Medium,2018
CUST-01099,18-24,Retail,South West,Medium,2012
CUST-01100,55-64,Retail,London,Medium,2010
CUST-01101,45-54,Retail,North West,Low,2021
CUST-01102,35-44,Retail,Midlands,Medium,2021
CUST-01103,55-64,Retail,Wales,Low,2005
CUST-01104,35-44,SME,London,Low,2011
CUST-01105,45-54,SME,North West,Very High,2005
CUST-01106,25-34,Retail,South East,Medium,2012
CUST-01107,18-24,Retail,London,Low,2016
CUST-01108,65+,Retail,South East,Low,2024
CUST-01109,55-64,SME,Midlands,Low,2015
CUST-01110,65+,Retail,North West,Medium,2024
CUST-01111,45-54,Corporate,South West,Low,2021
CUST-01112,65+,Retail,North East,Low,2018
CUST-01113,55-64,Private Banking,Scotland,Medium,2023
CUST-01114,45-54,Retail,North East,Low,2007
CUST-01115,35-44,Corporate,South East,Low,2020
CUST-01116,55-64,Retail,Scotland,Medium,2018
CUST-01117,35-44,Retail,South West,High,2018
CUST-01118,55-64,Retail,North East,Medium,2022
CUST-01119,45-54,Retail,Midlands,Low,2013
CUST-01120,45-54,SME,North East,Medium,2013
CUST-01121,65+,Retail,North East,Low,2010
CUST-01122,65+,SME,South East,Low,2015
CUST-01123,18-24,Corporate,South East,High,2018
CUST-01124,45-54,Retail,Wales,Medium,2005
CUST-01125,18-24,Retail,North West,Medium,2010
CUST-01126,45-54,Retail,North West,Medium,2006
CUST-01127,55-64,SME,South East,Low,2021
CUST-01128,25-34,Retail,Wales,High,2006
CUST-01129,65+,Retail,North West,High,2011
CUST-01130,65+,SME,London,Very High,2006
CUST-01131,25-34,Private Banking,South West,Medium,2018
CUST-01132,18-24,Retail,Scotland,Low,2007
CUST-01133,65+,Retail,North West,Medium,2011
CUST-01134,18-24,Retail,South East,Medium,2013
CUST-01135,45-54,Retail,South West,Low,2024
CUST-01136,45-54,Retail,Wales,Low,2009
CUST-01137,45-54,Retail,South East,Low,2024
CUST-01138,45-54,Retail,London,Low,2016
CUST-01139,18-24,Retail,North West,Low,2013
CUST-01140,25-34,Private Banking,Midlands,Medium,2024
CUST-01141,45-54,Retail,Midlands,Very High,2021
CUST-01142,25-34,Retail,Wales,Low,2006
CUST-01143,55-64,Retail,North West,Medium,2017
CUST-01144,55-64,Corporate,Midlands,Low,2009
CUST-01145,45-54,Retail,South East,Medium,2020
CUST-01146,18-24,SME,North West,Low,2010
CUST-01147,25-34,Retail,South West,Low,2013
CUST-01148,45-54,Retail,North East,Medium,2014
CUST-01149,25-34,Retail,Wales,Low,2024
CUST-01150,25-34,Corporate,Wales,Low,2020
CUST-01151,35-44,SME,Wales,Very High,2017
CUST-01152,35-44,Retail,South East,High,2012
CUST-01153,25-34,Retail,Scotland,Medium,2006
CUST-01154,35-44,Corporate,Scotland,Low,2012
CUST-01155,65+,SME,Midlands,High,2018
CUST-01156,18-24,Retail,Scotland,High,2010
CUST-01157,35-44,Retail,North West,Low,2006
CUST-01158,55-64,SME,South East,Very High,2015
CUST-01159,45-54,Corporate,North East,Low,2008
CUST-01160,25-34,Retail,Midlands,Very High,2021
CUST-01161,55-64,Retail,Wales,Very High,2013
CUST-01162,45-54,SME,Wales,Low,2010
CUST-01163,55-64,Retail,South West,Medium,2020
CUST-01164,35-44,Retail,South West,Medium,2008
CUST-01165,55-64,SME,Midlands,Low,2013
CUST-01166,45-54,Retail,South East,Low,2012
CUST-01167,25-34,Retail,Wales,Low,2014
CUST-01168,45-54,Retail,London,High,2017
CUST-01169,55-64,Retail,South East,Low,2019
CUST-01170,55-64,Retail,South East,High,2009
CUST-01171,25-34,SME,Scotland,Low,2011
CUST-01172,55-64,Retail,Scotland,High,2018
CUST-01173,35-44,Corporate,North West,Medium,2018
CUST-01174,18-24,SME,Scotland,Medium,2023
CUST-01175,25-34,Corporate,North West,Medium,2022
CUST-01176,55-64,SME,North West,Medium,2010
CUST-01177,35-44,Retail,North East,Medium,2015
CUST-01178,35-44,SME,Scotland,Very High,2022
CUST-01179,35-44,Retail,South West,Low,2005
CUST-01180,45-54,SME,Scotland,Medium,2023
CUST-01181,55-64,Retail,Wales,Medium,2007
CUST-01182,45-54,Retail,London,Medium,2015
CUST-01183,55-64,SME,Wales,High,2017
CUST-01184,35-44,Retail,London,Medium,2012
CUST-01185,35-44,Retail,North West,Medium,2006
CUST-01186,55-64,Retail,South West,Low,2009
CUST-01187,25-34,Retail,Midlands,Medium,2019
CUST-01188,45-54,Corporate,London,Low,2006
CUST-01189,25-34,Retail,South East,Medium,2017
CUST-01190,25-34,Retail,South East,High,2017
CUST-01191,55-64,Retail,London,Low,2012
CUST-01192,45-54,Private Banking,South East,Medium,2019
CUST-01193,25-34,SME,North West,Very High,2007
CUST-01194,45-54,Private Banking,South West,Medium,2018
CUST-01195,25-34,Retail,Wales,High,2022
CUST-01196,55-64,Corporate,South West,Medium,2021
CUST-01197,65+,Retail,South East,Low,2023
CUST-01198,35-44,SME,South West,Low,2016
CUST-01199,65+,Retail,North West,High,2023
CUST-01200,18-24,Retail,South West,High,2007
CUST-01201,18-24,Retail,North East,Low,2006
CUST-01202,45-54,SME,South East,Medium,2008
CUST-01203,45-54,Retail,Midlands,Low,2020
CUST-01204,55-64,Retail,North West,Low,2007
CUST-01205,18-24,SME,South East,Medium,2011
CUST-01206,18-24,SME,Midlands,Very High,2008
CUST-01207,55-64,Retail,North West,Low,2021
CUST-01208,25-34,SME,South West,High,2008
CUST-01209,35-44,Private Banking,North West,Medium,2018
CUST-01210,18-24,SME,Wales,Medium,2006
CUST-01211,35-44,Corporate,Midlands,Low,2014
CUST-01212,45-54,SME,South West,Medium,2021
CUST-01213,35-44,SME,Scotland,Medium,2013
CUST-01214,25-34,Retail,South West,High,2008
CUST-01215,25-34,Retail,North West,High,2008
CUST-01216,25-34,Corporate,Wales,Medium,2006
CUST-01217,45-54,Private Banking,Midlands,Low,2023
CUST-01218,25-34,Corporate,Midlands,Very High,2010
CUST-01219,65+,Retail,Wales,High,2011
CUST-01220,35-44,SME,London,High,2020
CUST-01221,35-44,Corporate,Midlands,Very High,2019
CUST-01222,65+,Retail,Scotland,Low,2013
CUST-01223,65+,SME,North West,High,2024
CUST-01224,18-24,SME,North East,Low,2007
CUST-01225,65+,Corporate,South East,High,2024
CUST-01226,25-34,SME,South East,Very High,2006
CUST-01227,25-34,SME,London,Low,2015
CUST-01228,55-64,Retail,South East,Low,2016
CUST-01229,25-34,Retail,Wales,Medium,2010
CUST-01230,55-64,Retail,Wales,Very High,2005
CUST-01231,35-44,Retail,Scotland,Low,2020
CUST-01232,65+,Retail,South West,Medium,2020
CUST-01233,55-64,Retail,North East,Low,2013
CUST-01234,45-54,SME,London,Very High,2022
CUST-01235,45-54,SME,North East,Low,2005
CUST-01236,45-54,Retail,South West,Low,2016
CUST-01237,18-24,Corporate,Wales,Low,2009
CUST-01238,65+,Private Banking,North West,Low,2006
CUST-01239,18-24,Retail,North East,Medium,2010
CUST-01240,18-24,Retail,Scotland,Low,2021
CUST-01241,18-24,SME,London,Low,2006
CUST-01242,25-34,Private Banking,South West,Medium,2020
CUST-01243,55-64,Corporate,Scotland,High,2016
CUST-01244,25-34,SME,Scotland,Low,2006
CUST-01245,25-34,Private Banking,Wales,High,2015
CUST-01246,25-34,SME,Wales,Medium,2009
CUST-01247,65+,Private Banking,Wales,Medium,2024
CUST-01248,55-64,Retail,North East,Low,2016
CUST-01249,55-64,Retail,Midlands,Low,2022
CUST-01250,18-24,Retail,South West,Medium,2016
CUST-01251,35-44,Retail,Wales,Low,2019
CUST-01252,65+,Retail,North East,Low,2011
CUST-01253,25-34,Corporate,Midlands,Low,2015
CUST-01254,65+,Retail,North East,Low,2019
CUST-01255,45-54,SME,South East,Medium,2010
CUST-01256,45-54,Retail,Scotland,Medium,2013
CUST-01257,35-44,Retail,North East,Low,2021
CUST-01258,55-64,SME,Scotland,High,2005
CUST-01259,55-64,SME,Midlands,Low,2016
CUST-01260,65+,Corporate,North East,Low,2008
CUST-01261,45-54,SME,London,Low,2009
CUST-01262,18-24,SME,South West,Low,2015
CUST-01263,25-34,Retail,London,Low,2010
CUST-01264,25-34,SME,South East,Low,2009
CUST-01265,25-34,Retail,Midlands,Medium,2016
CUST-01266,18-24,Retail,South West,Low,2011
CUST-01267,55-64,Retail,North East,High,2019
CUST-01268,45-54,Corporate,Midlands,Medium,2009
CUST-01269,35-44,Retail,North West,Low,2010
CUST-01270,25-34,Corporate,Scotland,High,2007
CUST-01271,55-64,Retail,Midlands,Medium,2010
CUST-01272,45-54,Corporate,Scotland,Low,2024
CUST-01273,65+,Retail,Wales,Medium,2009
CUST-01274,35-44,SME,North West,Low,2005
CUST-01275,55-64,Retail,Midlands,High,2012
CUST-01276,25-34,Retail,North East,Very High,2008
CUST-01277,35-44,Private Banking,Wales,Low,2022
CUST-01278,25-34,Retail,London,High,2017
CUST-01279,65+,SME,Midlands,Low,2012
CUST-01280,45-54,Corporate,Midlands,Low,2024
CUST-01281,65+,SME,Wales,Medium,2019
CUST-01282,25-34,Retail,North West,High,2020
CUST-01283,55-64,Retail,North West,Low,2024
CUST-01284,45-54,Private Banking,Wales,High,2007
CUST-01285,18-24,Retail,North West,Low,2005
CUST-01286,35-44,SME,Midlands,High,2005
CUST-01287,55-64,Retail,Scotland,Medium,2005
CUST-01288,18-24,Retail,North East,Low,2008
CUST-01289,18-24,SME,North West,High,2020
CUST-01290,45-54,Retail,Scotland,High,2007
CUST-01291,45-54,Retail,Midlands,Low,2017
CUST-01292,55-64,Retail,Scotland,Low,2013
CUST-01293,65+,SME,North East,High,2005
CUST-01294,45-54,SME,North East,Medium,2009
CUST-01295,55-64,Retail,North East,Medium,2017
CUST-01296,45-54,Retail,London,Medium,2006
CUST-01297,35-44,Retail,North East,Medium,2007
CUST-01298,35-44,Retail,Midlands,Low,2024
CUST-01299,18-24,Retail,North West,Medium,2019
CUST-01300,65+,SME,Midlands,Low,2010
CUST-01301,35-44,Retail,Wales,Low,2014
CUST-01302,55-64,SME,North East,Low,2020
CUST-01303,35-44,SME,London,Medium,2017
CUST-01304,65+,Retail,South West,Low,2021
CUST-01305,45-54,SME,Wales,Low,2009
CUST-01306,18-24,SME,Scotland,Medium,2011
CUST-01307,55-64,Retail,South East,High,2013
CUST-01308,65+,Corporate,South West,Low,2006
CUST-01309,45-54,SME,London,Medium,2018
CUST-01310,55-64,Private Banking,Wales,High,2018
CUST-01311,18-24,Corporate,Scotland,High,2006
CUST-01312,45-54,Retail,North East,High,2014
CUST-01313,18-24,Retail,South East,Medium,2007
CUST-01314,65+,Retail,South West,Low,2011
CUST-01315,35-44,Private Banking,Scotland,Low,2017
CUST-01316,65+,SME,Wales,Medium,2011
CUST-01317,65+,Retail,South East,High,2007
CUST-01318,65+,Retail,London,High,2018
CUST-01319,55-64,Retail,North West,Medium,2016
CUST-01320,18-24,Retail,Wales,Medium,2015
CUST-01321,45-54,SME,South West,Low,2023
CUST-01322,65+,SME,North West,Low,2021
CUST-01323,35-44,Retail,South East,Low,2012
CUST-01324,25-34,Retail,Scotland,Low,2010
CUST-01325,65+,Retail,London,Medium,2006
CUST-01326,55-64,Retail,Scotland,Low,2009
CUST-01327,18-24,Retail,Midlands,Low,2011
CUST-01328,25-34,Corporate,South East,Very High,2009
CUST-01329,65+,Corporate,Midlands,Low,2016
CUST-01330,55-64,Retail,Wales,Low,2013
CUST-01331,35-44,Retail,South West,High,2024
CUST-01332,45-54,SME,North East,Low,2023
CUST-01333,18-24,SME,London,Medium,2007
CUST-01334,35-44,Retail,Midlands,High,2022
CUST-01335,55-64,Retail,South East,Low,2024
CUST-01336,18-24,SME,Wales,Low,2007
CUST-01337,35-44,Retail,South East,Low,2020
CUST-01338,65+,Retail,North West,Very High,2020
CUST-01339,55-64,Retail,South West,Medium,2005
CUST-01340,25-34,Corporate,North East,Medium,2019
CUST-01341,55-64,SME,South East,Medium,2020
CUST-01342,65+,SME,Midlands,Low,2013
CUST-01343,25-34,SME,Scotland,Medium,2014
CUST-01344,65+,Retail,South West,Low,2012
CUST-01345,65+,Retail,North West,Low,2015
CUST-01346,35-44,Retail,Midlands,Low,2020
CUST-01347,25-34,Corporate,Scotland,Low,2013
CUST-01348,45-54,Retail,Midlands,Low,2016
CUST-01349,35-44,Retail,South East,Medium,2008
CUST-01350,45-54,SME,North East,Low,2006
CUST-01351,55-64,Retail,North East,Low,2006
CUST-01352,45-54,Retail,Midlands,Low,2023
CUST-01353,45-54,Corporate,South East,Low,2012
CUST-01354,55-64,Retail,North West,Medium,2007
CUST-01355,45-54,Retail,South East,Medium,2014
CUST-01356,55-64,Retail,South East,Low,2005
CUST-01357,45-54,Corporate,Scotland,Low,2023
CUST-01358,18-24,Retail,London,Low,2012
CUST-01359,55-64,Retail,South West,Medium,2014
CUST-01360,35-44,Retail,South West,Very High,2023
CUST-01361,65+,Private Banking,Scotland,Medium,2021
CUST-01362,45-54,Retail,Scotland,Low,2018
CUST-01363,55-64,SME,South East,Medium,2005
CUST-01364,45-54,Retail,London,Low,2013
CUST-01365,55-64,Retail,London,Low,2014
CUST-01366,18-24,SME,Scotland,Low,2011
CUST-01367,65+,SME,South West,Very High,2012
CUST-01368,65+,Retail,Wales,High,2019
CUST-01369,18-24,Retail,Wales,Low,2021
CUST-01370,18-24,Private Banking,Scotland,Low,2011
CUST-01371,65+,Retail,South East,Low,2018
CUST-01372,65+,Retail,South East,High,2009
CUST-01373,25-34,Corporate,Midlands,Low,2024
CUST-01374,55-64,SME,Midlands,Low,2013
CUST-01375,25-34,SME,Scotland,Medium,2022
CUST-01376,45-54,Retail,London,Very High,2005
CUST-01377,55-64,Retail,Scotland,Low,2023
CUST-01378,45-54,Retail,Midlands,Medium,2018
CUST-01379,65+,Retail,Midlands,Medium,2021
CUST-01380,25-34,SME,North East,Low,2023
CUST-01381,18-24,SME,North West,Medium,2017
CUST-01382,55-64,Corporate,South West,Low,2006
CUST-01383,55-64,Retail,London,Low,2005
CUST-01384,65+,Retail,Wales,Low,2013
CUST-01385,18-24,Retail,North West,Low,2007
CUST-01386,45-54,SME,London,Low,2009
CUST-01387,18-24,Retail,North East,Medium,2022
CUST-01388,18-24,Retail,Wales,Very High,2017
CUST-01389,45-54,Retail,North West,Low,2007
CUST-01390,65+,SME,North East,Low,2018
CUST-01391,45-54,Retail,North West,Low,2009
CUST-01392,35-44,Retail,Scotland,Medium,2009
CUST-01393,25-34,Retail,Scotland,Medium,2010
CUST-01394,45-54,SME,North West,Low,2012
CUST-01395,45-54,SME,South East,Low,2020
CUST-01396,45-54,Corporate,South East,Low,2021
CUST-01397,18-24,Retail,Wales,Low,2017
CUST-01398,65+,Retail,Midlands,Low,2013
CUST-01399,55-64,Retail,Wales,Low,2006
CUST-01400,25-34,Corporate,Wales,Medium,2020
CUST-01401,45-54,Retail,North West,Medium,2022
CUST-01402,65+,SME,North West,Medium,2022
CUST-01403,25-34,Retail,Wales,Low,2020
CUST-01404,18-24,Retail,South West,Medium,2023
CUST-01405,18-24,SME,North East,Low,2007
CUST-01406,55-64,Retail,South West,High,2012
CUST-01407,55-64,Corporate,North West,Low,2018
CUST-01408,35-44,Retail,Wales,Low,2014
CUST-01409,35-44,SME,North West,Medium,2022
CUST-01410,45-54,Retail,Midlands,High,2017
CUST-01411,55-64,SME,North West,Low,2024
CUST-01412,45-54,Corporate,Midlands,Low,2006
CUST-01413,45-54,Retail,South West,Medium,2016
CUST-01414,55-64,SME,North East,Medium,2018
CUST-01415,45-54,SME,South East,Medium,2017
CUST-01416,25-34,Retail,South West,Very High,2009
CUST-01417,45-54,Retail,South East,High,2018
CUST-01418,55-64,Retail,London,Low,2014
CUST-01419,25-34,Retail,South East,Low,2005
CUST-01420,35-44,Retail,Scotland,Low,2017
CUST-01421,55-64,Retail,London,Medium,2018
CUST-01422,65+,Retail,London,Medium,2014
CUST-01423,55-64,Corporate,North East,Low,2007
CUST-01424,65+,Retail,North East,Low,2008
CUST-01425,25-34,SME,North West,Low,2016
CUST-01426,25-34,Retail,Midlands,High,2005
CUST-01427,25-34,Retail,Wales,High,2018
CUST-01428,45-54,Retail,South West,Low,2014
CUST-01429,45-54,Retail,Scotland,Low,2015
CUST-01430,45-54,Retail,South West,High,2005
CUST-01431,45-54,SME,North East,Low,2021
CUST-01432,55-64,Retail,Scotland,Low,2015
CUST-01433,65+,Retail,Wales,Low,2006
CUST-01434,25-34,Retail,Midlands,Medium,2017
CUST-01435,45-54,Corporate,South West,Low,2015
CUST-01436,65+,SME,North West,Medium,2017
CUST-01437,35-44,SME,North West,Low,2015
CUST-01438,18-24,Corporate,London,Low,2005
CUST-01439,25-34,Retail,Scotland,Medium,2012
CUST-01440,65+,Corporate,South West,Low,2020
CUST-01441,25-34,Retail,South East,Low,2016
CUST-01442,35-44,Private Banking,Scotland,Low,2009
CUST-01443,65+,Private Banking,South East,High,2021
CUST-01444,25-34,SME,North East,Low,2007
CUST-01445,45-54,Retail,North West,High,2019
CUST-01446,45-54,Retail,Scotland,Medium,2008
CUST-01447,65+,Retail,North West,Low,2009
CUST-01448,65+,SME,London,Medium,2012
CUST-01449,25-34,Retail,Scotland,Low,2013
CUST-01450,35-44,Retail,Scotland,Medium,2024
CUST-01451,35-44,Retail,Midlands,Low,2007
CUST-01452,35-44,Retail,Midlands,Medium,2016
CUST-01453,35-44,Private Banking,London,Low,2006
CUST-01454,35-44,Retail,Wales,High,2023
CUST-01455,55-64,SME,Midlands,Low,2021
CUST-01456,35-44,Private Banking,London,Low,2016
CUST-01457,65+,Corporate,Wales,Medium,2024
CUST-01458,65+,Retail,Wales,Medium,2005
CUST-01459,55-64,Retail,North East,Medium,2022
CUST-01460,18-24,Retail,Wales,Low,2021
CUST-01461,35-44,SME,Scotland,Low,2011
CUST-01462,65+,Private Banking,South East,Low,2017
CUST-01463,65+,Retail,London,High,2018
CUST-01464,45-54,Retail,North West,Low,2016
CUST-01465,45-54,Retail,London,Medium,2007
CUST-01466,25-34,Private Banking,South East,High,2010
CUST-01467,45-54,Retail,South East,Low,2012
CUST-01468,65+,Retail,South East,Medium,2005
CUST-01469,35-44,SME,North East,Low,2005
CUST-01470,45-54,Private Banking,North West,Low,2011
CUST-01471,18-24,Retail,South West,High,2016
CUST-01472,65+,SME,South East,Low,2006
CUST-01473,45-54,Retail,South East,Medium,2012
CUST-01474,18-24,SME,North West,Low,2014
CUST-01475,65+,Private Banking,South West,Low,2015
CUST-01476,18-24,SME,North West,Low,2019
CUST-01477,25-34,Retail,Wales,Low,2022
CUST-01478,25-34,SME,Wales,Medium,2021
CUST-01479,55-64,Retail,South East,Low,2009
CUST-01480,25-34,Retail,South West,Low,2015
CUST-01481,45-54,Retail,Midlands,Medium,2009
CUST-01482,55-64,Corporate,North West,Low,2005
CUST-01483,35-44,SME,South West,Medium,2019
CUST-01484,45-54,Retail,South East,Medium,2018
CUST-01485,18-24,Retail,South West,High,2010
CUST-01486,35-44,Retail,South West,High,2010
CUST-01487,65+,Retail,South East,Low,2012
CUST-01488,25-34,Retail,North West,Low,2023
CUST-01489,55-64,Retail,London,Low,2022
CUST-01490,25-34,Corporate,North West,Very High,2013
CUST-01491,25-34,Retail,Midlands,Low,2011
CUST-01492,25-34,Retail,North West,Low,2016
CUST-01493,35-44,Retail,London,Low,2020
CUST-01494,35-44,Retail,North West,Low,2008
CUST-01495,65+,Corporate,North East,Low,2009
CUST-01496,35-44,SME,Scotland,Low,2017
CUST-01497,35-44,Retail,London,Low,2017
CUST-01498,45-54,Retail,London,Low,2011
CUST-01499,65+,SME,Midlands,Low,2005
CUST-01500,45-54,Retail,Wales,Low,2021
CUST-01501,45-54,Retail,London,Medium,2005
CUST-01502,55-64,Corporate,South West,High,2017
CUST-01503,55-64,Retail,Midlands,Low,2024
CUST-01504,45-54,Retail,North East,Medium,2022
CUST-01505,25-34,Retail,London,Low,2022
CUST-01506,65+,Retail,Midlands,High,2024
CUST-01507,45-54,Corporate,North East,High,2013
CUST-01508,35-44,SME,South West,High,2019
CUST-01509,45-54,Private Banking,Wales,Low,2011
CUST-01510,25-34,Retail,South West,Very High,2008
CUST-01511,25-34,SME,North East,Low,2022
CUST-01512,25-34,Retail,Wales,Medium,2013
CUST-01513,35-44,SME,Wales,High,2024
CUST-01514,45-54,Retail,North West,Very High,2010
CUST-01515,55-64,SME,Scotland,Low,2020
CUST-01516,55-64,Retail,North West,Low,2017
CUST-01517,45-54,Retail,North West,Very High,2024
CUST-01518,25-34,Retail,South West,Low,2011
CUST-01519,55-64,Retail,North West,Medium,2015
CUST-01520,18-24,Retail,North East,High,2011
CUST-01521,55-64,Corporate,Wales,Low,2012
CUST-01522,18-24,Retail,South West,Low,2017
CUST-01523,55-64,Retail,Midlands,High,2016
CUST-01524,55-64,Retail,Midlands,Medium,2008
CUST-01525,25-34,SME,North East,Low,2019
CUST-01526,45-54,Retail,North East,High,2011
CUST-01527,45-54,SME,North East,Low,2021
CUST-01528,25-34,SME,North East,Low,2019
CUST-01529,55-64,Corporate,South East,Medium,2013
CUST-01530,55-64,SME,North East,Medium,2023
CUST-01531,45-54,Retail,Scotland,High,2018
CUST-01532,35-44,SME,London,High,2006
CUST-01533,55-64,Corporate,South West,Low,2013
CUST-01534,65+,SME,London,Low,2021
CUST-01535,45-54,Private Banking,South East,Low,2021
CUST-01536,18-24,SME,Scotland,Medium,2018
CUST-01537,55-64,Retail,Wales,Low,2016
CUST-01538,55-64,SME,South West,Low,2020
CUST-01539,25-34,SME,South East,Low,2018
CUST-01540,18-24,Retail,North West,Low,2023
CUST-01541,35-44,Private Banking,Midlands,Medium,2005
CUST-01542,35-44,Retail,North West,Low,2011
CUST-01543,35-44,Retail,Wales,Low,2015
CUST-01544,55-64,Retail,Wales,Low,2007
CUST-01545,35-44,Retail,Wales,Medium,2008
CUST-01546,18-24,Corporate,South West,Low,2010
CUST-01547,55-64,Retail,North West,High,2019
CUST-01548,55-64,Retail,South East,Medium,2024
CUST-01549,18-24,Retail,North West,Low,2024
CUST-01550,35-44,Retail,South West,High,2023
CUST-01551,65+,Corporate,South West,Medium,2017
CUST-01552,65+,Retail,London,Medium,2013
CUST-01553,25-34,SME,Midlands,Medium,2010
CUST-01554,18-24,Retail,London,High,2023
CUST-01555,18-24,Corporate,South East,Low,2008
CUST-01556,55-64,Private Banking,Midlands,Medium,2010
CUST-01557,35-44,Retail,North West,High,2018
CUST-01558,35-44,SME,Scotland,Low,2019
CUST-01559,65+,Retail,South West,Low,2008
CUST-01560,25-34,Retail,South East,Medium,2006
CUST-01561,45-54,Retail,London,Medium,2020
CUST-01562,55-64,Corporate,South East,Low,2020
CUST-01563,65+,Retail,Scotland,Low,2012
CUST-01564,45-54,Private Banking,North East,Low,2009
CUST-01565,18-24,Retail,South East,Medium,2006
CUST-01566,35-44,Private Banking,North East,Medium,2005
CUST-01567,35-44,Retail,North West,Low,2005
CUST-01568,65+,Corporate,North East,High,2007
CUST-01569,45-54,Retail,Wales,Low,2023
CUST-01570,45-54,Retail,Midlands,Low,2022
CUST-01571,65+,Retail,South West,Low,2009
CUST-01572,18-24,Retail,Wales,Low,2015
CUST-01573,35-44,Corporate,Wales,Low,2015
CUST-01574,35-44,Retail,North East,Low,2020
CUST-01575,35-44,Retail,London,Medium,2006
CUST-01576,35-44,Retail,South East,Low,2024
CUST-01577,35-44,Retail,South East,Low,2017
CUST-01578,45-54,Retail,South East,Low,2013
CUST-01579,18-24,Corporate,North West,Medium,2023
CUST-01580,25-34,Private Banking,South West,Low,2021
CUST-01581,35-44,Retail,North East,Low,2021
CUST-01582,35-44,SME,Midlands,High,2010
CUST-01583,35-44,Retail,North West,Medium,2006
CUST-01584,65+,SME,Midlands,Medium,2016
CUST-01585,45-54,Private Banking,North West,Medium,2019
CUST-01586,45-54,Retail,South West,Medium,2010
CUST-01587,25-34,Retail,North West,Low,2009
CUST-01588,45-54,Retail,Scotland,High,2011
CUST-01589,25-34,Private Banking,South East,Medium,2010
CUST-01590,35-44,Retail,South West,Low,2023
CUST-01591,45-54,Retail,Wales,Low,2019
CUST-01592,25-34,Retail,North East,High,2005
CUST-01593,35-44,Retail,North East,Medium,2005
CUST-01594,18-24,SME,South East,Very High,2022
CUST-01595,35-44,Retail,Wales,High,2016
CUST-01596,25-34,SME,Midlands,Medium,2024
CUST-01597,18-24,Retail,North West,Medium,2023
CUST-01598,45-54,SME,North West,Low,2016
CUST-01599,65+,SME,Scotland,Low,2018
CUST-01600,65+,SME,Scotland,Low,2014
CUST-01601,35-44,Corporate,London,Medium,2014
CUST-01602,65+,SME,London,Medium,2006
CUST-01603,45-54,SME,Midlands,Medium,2017
CUST-01604,18-24,Retail,South West,Medium,2018
CUST-01605,65+,Retail,South East,Medium,2006
CUST-01606,65+,Retail,Wales,Medium,2013
CUST-01607,45-54,SME,Wales,Low,2023
CUST-01608,18-24,SME,Scotland,Medium,2020
CUST-01609,45-54,Retail,North West,Low,2019
CUST-01610,25-34,Retail,North East,Low,2007
CUST-01611,45-54,SME,North West,Medium,2014
CUST-01612,18-24,Retail,London,Medium,2020
CUST-01613,18-24,SME,Midlands,High,2021
CUST-01614,25-34,Retail,South West,Medium,2013
CUST-01615,65+,Retail,South West,Low,2019
CUST-01616,45-54,Retail,South West,Low,2009
CUST-01617,55-64,Retail,North East,High,2020
CUST-01618,55-64,Retail,North West,Low,2015
CUST-01619,18-24,SME,South East,Low,2023
CUST-01620,25-34,SME,Wales,High,2021
CUST-01621,45-54,Retail,North East,Medium,2017
CUST-01622,45-54,Corporate,Scotland,Medium,2008
CUST-01623,25-34,Retail,North East,Medium,2021
CUST-01624,65+,Retail,Wales,Low,2016
CUST-01625,55-64,Retail,London,Low,2017
CUST-01626,25-34,Corporate,North West,High,2015
CUST-01627,25-34,Corporate,Scotland,Low,2008
CUST-01628,55-64,Retail,Scotland,Low,2023
CUST-01629,45-54,Corporate,London,High,2005
CUST-01630,18-24,SME,Wales,Low,2015
CUST-01631,55-64,Corporate,South West,Low,2020
CUST-01632,18-24,SME,South West,Medium,2016
CUST-01633,65+,Retail,Wales,Very High,2013
CUST-01634,25-34,Private Banking,South East,High,2006
CUST-01635,55-64,Retail,North East,Low,2011
CUST-01636,18-24,Corporate,North East,High,2022
CUST-01637,65+,Corporate,North West,Medium,2011
CUST-01638,25-34,Corporate,South East,Low,2018
CUST-01639,55-64,Private Banking,South East,High,2023
CUST-01640,45-54,Corporate,South East,Medium,2012
CUST-01641,18-24,SME,Wales,Medium,2011
CUST-01642,65+,Retail,London,Medium,2008
CUST-01643,35-44,Private Banking,South West,Very High,2009
CUST-01644,18-24,SME,North West,Low,2020
CUST-01645,25-34,Retail,Scotland,Low,2019
CUST-01646,35-44,Retail,Wales,Low,2006
CUST-01647,35-44,Private Banking,Wales,High,2021
CUST-01648,35-44,Retail,North East,Low,2017
CUST-01649,55-64,Corporate,Wales,Low,2008
CUST-01650,65+,Retail,North West,Low,2009
CUST-01651,55-64,Retail,Wales,Low,2012
CUST-01652,55-64,Private Banking,North East,Low,2024
CUST-01653,18-24,Retail,North East,Medium,2006
CUST-01654,55-64,Corporate,North East,High,2021
CUST-01655,55-64,SME,North East,Medium,2011
CUST-01656,18-24,SME,London,Low,2017
CUST-01657,45-54,SME,South West,Medium,2016
CUST-01658,35-44,SME,Wales,Low,2020
CUST-01659,45-54,SME,Scotland,Medium,2022
CUST-01660,55-64,Retail,North West,High,2020
CUST-01661,55-64,SME,London,Medium,2015
CUST-01662,55-64,SME,South East,Medium,2011
CUST-01663,35-44,Retail,North West,Low,2015
CUST-01664,55-64,SME,London,High,2008
CUST-01665,35-44,SME,South East,Low,2019
CUST-01666,25-34,SME,Midlands,Medium,2018
CUST-01667,55-64,SME,North West,Low,2017
CUST-01668,45-54,Corporate,South West,Low,2015
CUST-01669,18-24,Retail,South East,Medium,2023
CUST-01670,25-34,SME,South East,Low,2014
CUST-01671,55-64,Retail,South West,High,2019
CUST-01672,18-24,Private Banking,North East,High,2022
CUST-01673,65+,Retail,North West,Low,2017
CUST-01674,55-64,Retail,Midlands,Medium,2016
CUST-01675,35-44,Retail,Scotland,Low,2010
CUST-01676,45-54,SME,Scotland,Medium,2011
CUST-01677,35-44,Retail,Wales,High,2009
CUST-01678,25-34,Retail,Scotland,Medium,2007
CUST-01679,18-24,Retail,South East,Low,2015
CUST-01680,45-54,SME,South West,Low,2010
CUST-01681,25-34,SME,South East,Low,2019
CUST-01682,65+,Retail,Midlands,Medium,2010
CUST-01683,55-64,Retail,North East,Low,2007
CUST-01684,65+,Retail,Scotland,Medium,2021
CUST-01685,55-64,Retail,North East,Low,2007
CUST-01686,65+,Retail,South East,Medium,2021
CUST-01687,55-64,SME,South East,Low,2021
CUST-01688,35-44,SME,South East,High,2017
CUST-01689,55-64,Private Banking,South East,Low,2016
CUST-01690,18-24,Retail,Wales,Medium,2010
CUST-01691,45-54,SME,North East,Medium,2020
CUST-01692,65+,Retail,Wales,Low,2005
CUST-01693,55-64,SME,North West,Medium,2014
CUST-01694,25-34,Corporate,Wales,High,2022
CUST-01695,18-24,Retail,South West,Low,2022
CUST-01696,25-34,Retail,South East,Low,2016
CUST-01697,45-54,SME,Midlands,Low,2024
CUST-01698,65+,SME,North East,Medium,2007
CUST-01699,65+,Retail,London,High,2008
CUST-01700,18-24,Retail,North East,Medium,2018
CUST-01701,25-34,Retail,Midlands,Low,2021
CUST-01702,18-24,SME,North East,Low,2015
CUST-01703,35-44,Retail,Wales,Low,2022
CUST-01704,18-24,Retail,South East,Low,2011
CUST-01705,25-34,SME,South East,Medium,2007
CUST-01706,25-34,SME,North West,Medium,2012
CUST-01707,55-64,Private Banking,Scotland,Low,2008
CUST-01708,65+,SME,North West,Low,2011
CUST-01709,18-24,Retail,Wales,Low,2007
CUST-01710,45-54,Retail,Scotland,High,2018
CUST-01711,45-54,Retail,London,Low,2015
CUST-01712,65+,Retail,Midlands,Medium,2018
CUST-01713,35-44,SME,South West,Very High,2006
CUST-01714,35-44,Corporate,London,Medium,2022
CUST-01715,45-54,Retail,Midlands,High,2016
CUST-01716,45-54,Retail,South East,Low,2014
CUST-01717,65+,SME,North East,Medium,2006
CUST-01718,65+,SME,South West,High,2005
CUST-01719,45-54,Retail,London,Medium,2024
CUST-01720,18-24,SME,Wales,High,2023
CUST-01721,45-54,Retail,South West,Very High,2017
CUST-01722,65+,Corporate,North East,High,2008
CUST-01723,45-54,Retail,South West,Low,2013
CUST-01724,35-44,Retail,North West,Medium,2005
CUST-01725,35-44,Corporate,South West,Very High,2008
CUST-01726,25-34,Retail,Midlands,Low,2014
CUST-01727,55-64,Private Banking,North East,Low,2020
CUST-01728,45-54,Retail,Scotland,Low,2006
CUST-01729,35-44,Retail,Scotland,Low,2008
CUST-01730,45-54,Retail,North West,High,2005
CUST-01731,65+,SME,South East,Low,2009
CUST-01732,55-64,SME,South West,High,2013
CUST-01733,65+,Retail,Midlands,Low,2024
CUST-01734,65+,Retail,London,Medium,2010
CUST-01735,35-44,Retail,South West,Low,2013
CUST-01736,18-24,Corporate,London,Low,2015
CUST-01737,45-54,Retail,North West,Medium,2007
CUST-01738,65+,Retail,London,Low,2016
CUST-01739,65+,Corporate,London,Low,2015
CUST-01740,35-44,Retail,London,Low,2019
CUST-01741,18-24,SME,London,Low,2007
CUST-01742,45-54,Retail,Midlands,Very High,2006
CUST-01743,18-24,Retail,Wales,Medium,2015
CUST-01744,45-54,Corporate,North West,Low,2021
CUST-01745,65+,Private Banking,South West,Low,2005
CUST-01746,18-24,SME,Scotland,Low,2006
CUST-01747,35-44,Private Banking,North West,Low,2016
CUST-01748,35-44,Retail,Wales,High,2007
CUST-01749,35-44,Retail,London,High,2015
CUST-01750,35-44,Retail,South West,Medium,2006
CUST-01751,45-54,Retail,South East,Low,2023
CUST-01752,45-54,Retail,North West,Low,2017
CUST-01753,25-34,Retail,North West,Medium,2021
CUST-01754,25-34,Retail,North East,Very High,2008
CUST-01755,55-64,Retail,South East,Low,2020
CUST-01756,18-24,SME,Wales,Medium,2018
CUST-01757,55-64,Corporate,North West,High,2021
CUST-01758,55-64,SME,South East,High,2012
CUST-01759,65+,Retail,Midlands,Low,2015
CUST-01760,35-44,Retail,North West,Low,2023
CUST-01761,18-24,Retail,Scotland,Medium,2008
CUST-01762,45-54,SME,Wales,High,2017
CUST-01763,65+,SME,North West,Medium,2018
CUST-01764,65+,Retail,North East,Low,2013
CUST-01765,25-34,SME,South West,Low,2016
CUST-01766,35-44,Retail,London,Low,2005
CUST-01767,35-44,SME,North East,Medium,2018
CUST-01768,25-34,SME,South East,Medium,2010
CUST-01769,55-64,Corporate,Scotland,Medium,2009
CUST-01770,18-24,Retail,North East,Low,2005
CUST-01771,35-44,Retail,North East,Low,2024
CUST-01772,35-44,Retail,Midlands,Very High,2014
CUST-01773,35-44,Retail,South East,Medium,2021
CUST-01774,55-64,Retail,South West,Low,2005
CUST-01775,45-54,SME,London,High,2011
CUST-01776,35-44,Retail,North West,Medium,2008
CUST-01777,35-44,Retail,Wales,Medium,2015
CUST-01778,35-44,Retail,North West,Low,2016
CUST-01779,45-54,Retail,Scotland,Low,2022
CUST-01780,35-44,Retail,Midlands,Low,2013
CUST-01781,65+,Corporate,Midlands,High,2021
CUST-01782,25-34,Retail,Scotland,Low,2013
CUST-01783,18-24,SME,North East,Medium,2024
CUST-01784,45-54,Retail,South East,Low,2020
CUST-01785,45-54,Private Banking,London,Low,2017
CUST-01786,65+,Retail,South East,Medium,2021
CUST-01787,35-44,Retail,Midlands,Low,2010
CUST-01788,65+,SME,North East,High,2007
CUST-01789,55-64,Corporate,South East,Medium,2013
CUST-01790,18-24,SME,Wales,Low,2014
CUST-01791,25-34,Corporate,London,High,2014
CUST-01792,18-24,Retail,London,Low,2009
CUST-01793,55-64,Retail,London,Medium,2012
CUST-01794,55-64,SME,South East,Low,2019
CUST-01795,35-44,Retail,North East,Low,2020
CUST-01796,35-44,Corporate,South East,Low,2016
CUST-01797,25-34,Retail,South West,Medium,2012
CUST-01798,65+,Private Banking,North East,Medium,2023
CUST-01799,45-54,SME,South East,Very High,2011
CUST-01800,55-64,Retail,Midlands,Medium,2024
CUST-01801,65+,Retail,Midlands,Low,2017
CUST-01802,18-24,Retail,London,Medium,2018
CUST-01803,18-24,SME,North West,High,2022
CUST-01804,18-24,Private Banking,South West,High,2008
CUST-01805,18-24,Retail,Scotland,Medium,2012
CUST-01806,55-64,SME,South West,Medium,2009
CUST-01807,55-64,Retail,North East,Low,2017
CUST-01808,45-54,Corporate,Wales,Low,2016
CUST-01809,18-24,Retail,South East,Low,2006
CUST-01810,65+,Retail,North East,Medium,2019
CUST-01811,25-34,Retail,Midlands,Low,2014
CUST-01812,18-24,Corporate,South West,Medium,2023
CUST-01813,35-44,Retail,Midlands,High,2022
CUST-01814,45-54,SME,Scotland,Very High,2014
CUST-01815,65+,Corporate,North East,Medium,2007
CUST-01816,55-64,Retail,South West,Low,2014
CUST-01817,35-44,Retail,South West,Low,2021
CUST-01818,35-44,SME,South West,Low,2015
CUST-01819,65+,Retail,North East,Low,2017
CUST-01820,35-44,SME,London,Low,2019
CUST-01821,25-34,Private Banking,London,High,2011
CUST-01822,55-64,Retail,North West,Low,2010
CUST-01823,25-34,Retail,North West,High,2015
CUST-01824,55-64,SME,Midlands,High,2020
CUST-01825,25-34,Retail,South West,Low,2007
CUST-01826,18-24,Retail,Midlands,Very High,2007
CUST-01827,65+,Retail,North West,Medium,2012
CUST-01828,45-54,SME,Midlands,High,2008
CUST-01829,45-54,Retail,North East,Medium,2011
CUST-01830,25-34,Retail,South East,Low,2008
CUST-01831,45-54,Retail,South West,Medium,2014
CUST-01832,45-54,Retail,Midlands,Low,2020
CUST-01833,35-44,Retail,South West,Low,2023
CUST-01834,18-24,Retail,London,Low,2022
CUST-01835,18-24,Retail,North West,Medium,2018
CUST-01836,55-64,Retail,South West,High,2005
CUST-01837,25-34,Retail,Midlands,Low,2023
CUST-01838,18-24,Retail,North West,Low,2007
CUST-01839,45-54,Retail,Scotland,High,2007
CUST-01840,45-54,Corporate,South East,Low,2016
CUST-01841,55-64,Corporate,South West,Medium,2021
CUST-01842,55-64,Retail,South East,Low,2018
CUST-01843,18-24,SME,Wales,Medium,2007
CUST-01844,25-34,Retail,Midlands,Low,2010
CUST-01845,65+,Retail,Wales,Medium,2006
CUST-01846,55-64,SME,South West,Medium,2009
CUST-01847,25-34,Retail,Wales,Medium,2005
CUST-01848,45-54,Retail,North East,High,2019
CUST-01849,55-64,Retail,North East,Very High,2006
CUST-01850,45-54,SME,Scotland,Very High,2007
CUST-01851,65+,Retail,North East,Low,2014
CUST-01852,25-34,SME,London,Low,2014
CUST-01853,55-64,Private Banking,Wales,High,2019
CUST-01854,65+,SME,Midlands,Low,2005
CUST-01855,35-44,SME,North West,Very High,2011
CUST-01856,65+,Corporate,London,Low,2005
CUST-01857,25-34,Retail,Midlands,Low,2009
CUST-01858,45-54,Retail,North West,High,2016
CUST-01859,65+,Retail,North East,High,2022
CUST-01860,65+,SME,South West,Low,2016
CUST-01861,18-24,Retail,South East,High,2009
CUST-01862,55-64,Retail,Wales,Low,2019
CUST-01863,55-64,Retail,South East,Medium,2006
CUST-01864,65+,Retail,South West,Low,2009
CUST-01865,18-24,Retail,South West,Low,2010
CUST-01866,18-24,Retail,North West,Medium,2010
CUST-01867,25-34,Retail,Wales,Very High,2015
CUST-01868,35-44,Retail,South West,Low,2016
CUST-01869,65+,Corporate,Wales,Medium,2008
CUST-01870,25-34,Retail,Wales,High,2010
CUST-01871,65+,SME,London,High,2005
CUST-01872,55-64,Corporate,North West,Low,2009
CUST-01873,65+,Retail,London,High,2007
CUST-01874,35-44,Retail,Scotland,High,2022
CUST-01875,18-24,Retail,Midlands,Low,2007
CUST-01876,18-24,Retail,South West,Very High,2018
CUST-01877,55-64,SME,Scotland,Medium,2020
CUST-01878,65+,Retail,South West,Medium,2017
CUST-01879,35-44,SME,Midlands,Medium,2008
CUST-01880,35-44,Private Banking,London,High,2024
CUST-01881,65+,SME,Scotland,High,2009
CUST-01882,25-34,Retail,Scotland,Medium,2005
CUST-01883,65+,Retail,North East,Very High,2018
CUST-01884,25-34,Retail,North West,Medium,2021
CUST-01885,55-64,Retail,North West,Very High,2022
CUST-01886,25-34,Retail,Scotland,Low,2005
CUST-01887,65+,Retail,North West,Low,2021
CUST-01888,55-64,Corporate,London,Low,2009
CUST-01889,25-34,SME,London,Low,2013
CUST-01890,25-34,Retail,South East,Medium,2024
CUST-01891,25-34,Corporate,Midlands,Low,2023
CUST-01892,25-34,Corporate,North West,Low,2010
CUST-01893,18-24,Retail,Midlands,Low,2009
CUST-01894,65+,SME,North West,Medium,2009
CUST-01895,45-54,Retail,Wales,Medium,2017
CUST-01896,65+,SME,Midlands,Medium,2010
CUST-01897,65+,SME,Wales,Low,2006
CUST-01898,35-44,Corporate,Scotland,Low,2009
CUST-01899,55-64,Retail,Wales,Low,2005
CUST-01900,18-24,Corporate,South East,Low,2011
CUST-01901,45-54,SME,South West,Medium,2015
CUST-01902,45-54,Retail,South East,Medium,2016
CUST-01903,45-54,Retail,North East,Very High,2013
CUST-01904,25-34,Retail,North East,High,2021
CUST-01905,55-64,Corporate,Wales,Low,2024
CUST-01906,35-44,Corporate,London,Low,2012
CUST-01907,45-54,Retail,Scotland,Low,2017
CUST-01908,55-64,Retail,South West,Low,2022
CUST-01909,18-24,SME,Midlands,Low,2007
CUST-01910,65+,Corporate,Scotland,Medium,2009
CUST-01911,18-24,Corporate,South West,Low,2012
CUST-01912,45-54,Retail,North East,Medium,2006
CUST-01913,65+,Retail,North East,High,2005
CUST-01914,25-34,Retail,Midlands,Low,2019
CUST-01915,65+,SME,South East,Medium,2014
CUST-01916,65+,Retail,South West,Low,2014
CUST-01917,35-44,SME,Scotland,Low,2013
CUST-01918,18-24,Corporate,South West,Low,2011
CUST-01919,18-24,Corporate,Wales,Medium,2017
CUST-01920,55-64,SME,North West,High,2013
CUST-01921,18-24,Retail,Midlands,Low,2006
CUST-01922,18-24,Retail,North West,Low,2005
CUST-01923,18-24,SME,North East,Low,2018
CUST-01924,55-64,Corporate,South East,Medium,2020
CUST-01925,45-54,Retail,South West,Low,2023
CUST-01926,45-54,Retail,North West,High,2016
CUST-01927,25-34,Retail,London,Low,2024
CUST-01928,18-24,SME,London,Low,2015
CUST-01929,18-24,Retail,Wales,Medium,2013
CUST-01930,25-34,Corporate,Midlands,High,2013
CUST-01931,35-44,Corporate,North East,Low,2010
CUST-01932,35-44,Retail,North West,Low,2016
CUST-01933,65+,Retail,Wales,High,2021
CUST-01934,45-54,Retail,Midlands,High,2021
CUST-01935,18-24,SME,North West,Low,2022
CUST-01936,35-44,Retail,Scotland,Very High,2012
CUST-01937,18-24,Retail,Scotland,Low,2015
CUST-01938,55-64,Retail,Scotland,Low,2017
CUST-01939,45-54,Retail,Wales,Low,2006
CUST-01940,35-44,SME,South East,Medium,2021
CUST-01941,55-64,SME,North West,Low,2018
CUST-01942,45-54,SME,Scotland,Medium,2020
CUST-01943,18-24,Retail,Scotland,Low,2014
CUST-01944,35-44,Retail,North East,Medium,2012
CUST-01945,25-34,Retail,North East,High,2006
CUST-01946,65+,SME,North East,Low,2008
CUST-01947,18-24,Retail,North West,Low,2019
CUST-01948,45-54,SME,Scotland,Low,2008
CUST-01949,18-24,SME,South West,Low,2024
CUST-01950,65+,Retail,North East,Medium,2016
CUST-01951,55-64,Corporate,London,Medium,2019
CUST-01952,45-54,Retail,Scotland,Medium,2017
CUST-01953,55-64,Retail,South West,Low,2023
CUST-01954,18-24,SME,North West,Low,2024
CUST-01955,55-64,Private Banking,Wales,High,2006
CUST-01956,55-64,SME,North East,Low,2006
CUST-01957,18-24,Retail,Midlands,Low,2012
CUST-01958,65+,Retail,Scotland,Very High,2019
CUST-01959,25-34,Retail,South East,Low,2020
CUST-01960,25-34,Retail,South East,Low,2007
CUST-01961,55-64,Retail,South West,Low,2006
CUST-01962,25-34,Retail,North West,Medium,2015
CUST-01963,35-44,SME,Wales,Low,2015
CUST-01964,55-64,Retail,London,Medium,2012
CUST-01965,35-44,Retail,Scotland,Low,2022
CUST-01966,25-34,Retail,South West,Medium,2006
CUST-01967,35-44,Corporate,Midlands,Medium,2019
CUST-01968,65+,Retail,Wales,Very High,2010
CUST-01969,35-44,SME,Wales,Medium,2014
CUST-01970,25-34,Retail,South East,Low,2008
CUST-01971,55-64,Retail,South West,Low,2022
CUST-01972,45-54,Retail,North East,Very High,2015
CUST-01973,65+,Retail,North West,Medium,2017
CUST-01974,55-64,Corporate,North East,Medium,2024
CUST-01975,35-44,SME,Wales,Low,2016
CUST-01976,45-54,SME,North East,Medium,2022
CUST-01977,18-24,Retail,Wales,Low,2019
CUST-01978,45-54,SME,Scotland,High,2013
CUST-01979,45-54,Retail,North West,Medium,2011
CUST-01980,25-34,Retail,London,High,2024
CUST-01981,35-44,SME,Wales,Low,2010
CUST-01982,55-64,SME,London,Medium,2023
CUST-01983,45-54,Retail,London,Medium,2010
CUST-01984,55-64,Retail,North West,Medium,2016
CUST-01985,55-64,SME,North East,Low,2023
CUST-01986,55-64,Corporate,South West,Medium,2016
CUST-01987,35-44,SME,London,Very High,2013
CUST-01988,55-64,Retail,South West,Medium,2016
CUST-01989,25-34,Retail,South West,Low,2011
CUST-01990,25-34,Retail,Wales,Medium,2006
CUST-01991,25-34,Retail,Scotland,Medium,2015
CUST-01992,45-54,SME,South West,Medium,2012
CUST-01993,65+,SME,South West,Low,2021
CUST-01994,18-24,Retail,North East,High,2020
CUST-01995,45-54,Private Banking,South West,Medium,2016
CUST-01996,25-34,Retail,South West,High,2017
CUST-01997,55-64,Retail,London,Medium,2016
CUST-01998,18-24,Retail,North East,Low,2023
CUST-01999,55-64,Corporate,North East,Medium,2022
CUST-02000,55-64,Corporate,Scotland,Low,2019
